ID MIDAS,STATIC_24,CQUAD4_MOREMESH
SOL 101
CEND
TITLE = MIDAS STATIC-24 MOREMESH (MCT->MYSTRAN CQUAD4)
ECHO = NONE
DISPLACEMENT(PRINT)=ALL
SPCFORCE(PRINT)=ALL
STRESS(PRINT)=ALL
SUBCASE 1
  LOAD = 10
  SPC = 1
BEGIN BULK
$ Units from MCT: lbf, in
PARAM,POST,-1
PARAM,WTMASS,1.0
MAT1,1,6.825000E+07,,3.000000E-01
PSHELL,1,1,4.000000E-02
$
GRID,1,,0.000000E+00,3.090170E+00,9.510560E+00
GRID,2,,1.507155E-01,3.075325E+00,9.510560E+00
GRID,3,,3.014310E-01,3.060480E+00,9.510560E+00
GRID,4,,4.521465E-01,3.045635E+00,9.510560E+00
GRID,5,,6.028620E-01,3.030790E+00,9.510560E+00
GRID,6,,7.477865E-01,2.986827E+00,9.510560E+00
GRID,7,,8.927110E-01,2.942865E+00,9.510560E+00
GRID,8,,1.037635E+00,2.898903E+00,9.510560E+00
GRID,9,,1.182560E+00,2.854940E+00,9.510560E+00
GRID,10,,1.316123E+00,2.783550E+00,9.510560E+00
GRID,11,,1.449685E+00,2.712160E+00,9.510560E+00
GRID,12,,1.583247E+00,2.640770E+00,9.510560E+00
GRID,13,,1.716810E+00,2.569380E+00,9.510560E+00
GRID,14,,1.833878E+00,2.473305E+00,9.510560E+00
GRID,15,,1.950945E+00,2.377230E+00,9.510560E+00
GRID,16,,2.068013E+00,2.281155E+00,9.510560E+00
GRID,17,,2.185080E+00,2.185080E+00,9.510560E+00
GRID,18,,2.281155E+00,2.068013E+00,9.510560E+00
GRID,19,,2.377230E+00,1.950945E+00,9.510560E+00
GRID,20,,2.473305E+00,1.833878E+00,9.510560E+00
GRID,21,,2.569380E+00,1.716810E+00,9.510560E+00
GRID,22,,2.640770E+00,1.583247E+00,9.510560E+00
GRID,23,,2.712160E+00,1.449685E+00,9.510560E+00
GRID,24,,2.783550E+00,1.316123E+00,9.510560E+00
GRID,25,,2.854940E+00,1.182560E+00,9.510560E+00
GRID,26,,2.898903E+00,1.037635E+00,9.510560E+00
GRID,27,,2.942865E+00,8.927110E-01,9.510560E+00
GRID,28,,2.986827E+00,7.477865E-01,9.510560E+00
GRID,29,,3.030790E+00,6.028620E-01,9.510560E+00
GRID,30,,3.045635E+00,4.521465E-01,9.510560E+00
GRID,31,,3.060480E+00,3.014310E-01,9.510560E+00
GRID,32,,3.075325E+00,1.507155E-01,9.510560E+00
GRID,33,,3.090170E+00,0.000000E+00,9.510560E+00
GRID,34,,0.000000E+00,3.452605E+00,9.360437E+00
GRID,35,,0.000000E+00,3.815040E+00,9.210315E+00
GRID,36,,0.000000E+00,4.177475E+00,9.060192E+00
GRID,37,,0.000000E+00,4.539910E+00,8.910070E+00
GRID,38,,0.000000E+00,4.874395E+00,8.705095E+00
GRID,39,,0.000000E+00,5.208880E+00,8.500120E+00
GRID,40,,0.000000E+00,5.543365E+00,8.295145E+00
GRID,41,,0.000000E+00,5.877850E+00,8.090170E+00
GRID,42,,0.000000E+00,6.176155E+00,7.835395E+00
GRID,43,,0.000000E+00,6.474460E+00,7.580620E+00
GRID,44,,0.000000E+00,6.772765E+00,7.325845E+00
GRID,45,,0.000000E+00,7.071070E+00,7.071070E+00
GRID,46,,0.000000E+00,7.325845E+00,6.772765E+00
GRID,47,,0.000000E+00,7.580620E+00,6.474460E+00
GRID,48,,0.000000E+00,7.835395E+00,6.176155E+00
GRID,49,,0.000000E+00,8.090170E+00,5.877850E+00
GRID,50,,0.000000E+00,8.295145E+00,5.543365E+00
GRID,51,,0.000000E+00,8.500120E+00,5.208880E+00
GRID,52,,0.000000E+00,8.705095E+00,4.874395E+00
GRID,53,,0.000000E+00,8.910070E+00,4.539910E+00
GRID,54,,0.000000E+00,9.060192E+00,4.177475E+00
GRID,55,,0.000000E+00,9.210315E+00,3.815040E+00
GRID,56,,0.000000E+00,9.360437E+00,3.452605E+00
GRID,57,,0.000000E+00,9.510560E+00,3.090170E+00
GRID,58,,0.000000E+00,9.602140E+00,2.708715E+00
GRID,59,,0.000000E+00,9.693720E+00,2.327260E+00
GRID,60,,0.000000E+00,9.785300E+00,1.945805E+00
GRID,61,,0.000000E+00,9.876880E+00,1.564350E+00
GRID,62,,0.000000E+00,9.907660E+00,1.173263E+00
GRID,63,,0.000000E+00,9.938440E+00,7.821750E-01
GRID,64,,0.000000E+00,9.969220E+00,3.910875E-01
GRID,65,,0.000000E+00,1.000000E+01,0.000000E+00
GRID,66,,1.683924E-01,3.436019E+00,9.360437E+00
GRID,67,,3.367848E-01,3.419433E+00,9.360437E+00
GRID,68,,5.051771E-01,3.402846E+00,9.360437E+00
GRID,69,,6.735695E-01,3.386260E+00,9.360437E+00
GRID,70,,8.354915E-01,3.337141E+00,9.360437E+00
GRID,71,,9.974135E-01,3.288022E+00,9.360437E+00
GRID,72,,1.159336E+00,3.238904E+00,9.360437E+00
GRID,73,,1.321257E+00,3.189785E+00,9.360437E+00
GRID,74,,1.470485E+00,3.110022E+00,9.360437E+00
GRID,75,,1.619713E+00,3.030259E+00,9.360437E+00
GRID,76,,1.768940E+00,2.950496E+00,9.360437E+00
GRID,77,,1.918168E+00,2.870732E+00,9.360437E+00
GRID,78,,2.048966E+00,2.763389E+00,9.360437E+00
GRID,79,,2.179764E+00,2.656046E+00,9.360437E+00
GRID,80,,2.310562E+00,2.548703E+00,9.360437E+00
GRID,81,,2.441360E+00,2.441360E+00,9.360437E+00
GRID,82,,2.548703E+00,2.310562E+00,9.360437E+00
GRID,83,,2.656046E+00,2.179764E+00,9.360437E+00
GRID,84,,2.763389E+00,2.048966E+00,9.360437E+00
GRID,85,,2.870732E+00,1.918168E+00,9.360437E+00
GRID,86,,2.950496E+00,1.768940E+00,9.360437E+00
GRID,87,,3.030259E+00,1.619713E+00,9.360437E+00
GRID,88,,3.110022E+00,1.470485E+00,9.360437E+00
GRID,89,,3.189785E+00,1.321257E+00,9.360437E+00
GRID,90,,3.238904E+00,1.159336E+00,9.360437E+00
GRID,91,,3.288022E+00,9.974135E-01,9.360437E+00
GRID,92,,3.337141E+00,8.354915E-01,9.360437E+00
GRID,93,,3.386260E+00,6.735695E-01,9.360437E+00
GRID,94,,3.402846E+00,5.051771E-01,9.360437E+00
GRID,95,,3.419433E+00,3.367848E-01,9.360437E+00
GRID,96,,3.436019E+00,1.683924E-01,9.360437E+00
GRID,97,,3.452605E+00,0.000000E+00,9.360437E+00
GRID,98,,1.860692E-01,3.796712E+00,9.210315E+00
GRID,99,,2.037461E-01,4.157406E+00,9.060192E+00
GRID,100,,2.214230E-01,4.518100E+00,8.910070E+00
GRID,101,,2.377366E-01,4.850979E+00,8.705095E+00
GRID,102,,2.540502E-01,5.183858E+00,8.500120E+00
GRID,103,,2.703639E-01,5.516736E+00,8.295145E+00
GRID,104,,2.866775E-01,5.849615E+00,8.090170E+00
GRID,105,,3.012269E-01,6.146487E+00,7.835395E+00
GRID,106,,3.157762E-01,6.443359E+00,7.580620E+00
GRID,107,,3.303256E-01,6.740231E+00,7.325845E+00
GRID,108,,3.448750E-01,7.037102E+00,7.071070E+00
GRID,109,,3.573006E-01,7.290654E+00,6.772765E+00
GRID,110,,3.697262E-01,7.544205E+00,6.474460E+00
GRID,111,,3.821519E-01,7.797756E+00,6.176155E+00
GRID,112,,3.945775E-01,8.051308E+00,5.877850E+00
GRID,113,,4.045750E-01,8.255297E+00,5.543365E+00
GRID,114,,4.145725E-01,8.459288E+00,5.208880E+00
GRID,115,,4.245700E-01,8.663277E+00,4.874395E+00
GRID,116,,4.345675E-01,8.867268E+00,4.539910E+00
GRID,117,,4.418894E-01,9.016669E+00,4.177475E+00
GRID,118,,4.492113E-01,9.166071E+00,3.815040E+00
GRID,119,,4.565331E-01,9.315473E+00,3.452605E+00
GRID,120,,4.638550E-01,9.464875E+00,3.090170E+00
GRID,121,,4.683219E-01,9.556015E+00,2.708715E+00
GRID,122,,4.727887E-01,9.647155E+00,2.327260E+00
GRID,123,,4.772556E-01,9.738295E+00,1.945805E+00
GRID,124,,4.817225E-01,9.829435E+00,1.564350E+00
GRID,125,,4.832231E-01,9.860067E+00,1.173263E+00
GRID,126,,4.847238E-01,9.890699E+00,7.821750E-01
GRID,127,,4.862244E-01,9.921331E+00,3.910875E-01
GRID,128,,4.877250E-01,9.951963E+00,0.000000E+00
GRID,129,,3.721385E-01,3.778385E+00,9.210315E+00
GRID,130,,5.582078E-01,3.760057E+00,9.210315E+00
GRID,131,,7.442770E-01,3.741730E+00,9.210315E+00
GRID,132,,9.231965E-01,3.687455E+00,9.210315E+00
GRID,133,,1.102116E+00,3.633180E+00,9.210315E+00
GRID,134,,1.281035E+00,3.578905E+00,9.210315E+00
GRID,135,,1.459955E+00,3.524630E+00,9.210315E+00
GRID,136,,1.624848E+00,3.436494E+00,9.210315E+00
GRID,137,,1.789740E+00,3.348358E+00,9.210315E+00
GRID,138,,1.954632E+00,3.260221E+00,9.210315E+00
GRID,139,,2.119525E+00,3.172085E+00,9.210315E+00
GRID,140,,2.264054E+00,3.053474E+00,9.210315E+00
GRID,141,,2.408583E+00,2.934862E+00,9.210315E+00
GRID,142,,2.553111E+00,2.816251E+00,9.210315E+00
GRID,143,,2.697640E+00,2.697640E+00,9.210315E+00
GRID,144,,2.816251E+00,2.553111E+00,9.210315E+00
GRID,145,,2.934862E+00,2.408583E+00,9.210315E+00
GRID,146,,3.053474E+00,2.264054E+00,9.210315E+00
GRID,147,,3.172085E+00,2.119525E+00,9.210315E+00
GRID,148,,3.260221E+00,1.954632E+00,9.210315E+00
GRID,149,,3.348358E+00,1.789740E+00,9.210315E+00
GRID,150,,3.436494E+00,1.624848E+00,9.210315E+00
GRID,151,,3.524630E+00,1.459955E+00,9.210315E+00
GRID,152,,3.578905E+00,1.281035E+00,9.210315E+00
GRID,153,,3.633180E+00,1.102116E+00,9.210315E+00
GRID,154,,3.687455E+00,9.231965E-01,9.210315E+00
GRID,155,,3.741730E+00,7.442770E-01,9.210315E+00
GRID,156,,3.760057E+00,5.582078E-01,9.210315E+00
GRID,157,,3.778385E+00,3.721385E-01,9.210315E+00
GRID,158,,3.796712E+00,1.860692E-01,9.210315E+00
GRID,159,,3.815040E+00,0.000000E+00,9.210315E+00
GRID,160,,4.074923E-01,4.137338E+00,9.060192E+00
GRID,161,,4.428460E-01,4.496290E+00,8.910070E+00
GRID,162,,4.754733E-01,4.827562E+00,8.705095E+00
GRID,163,,5.081005E-01,5.158835E+00,8.500120E+00
GRID,164,,5.407277E-01,5.490107E+00,8.295145E+00
GRID,165,,5.733550E-01,5.821380E+00,8.090170E+00
GRID,166,,6.024538E-01,6.116819E+00,7.835395E+00
GRID,167,,6.315525E-01,6.412257E+00,7.580620E+00
GRID,168,,6.606513E-01,6.707696E+00,7.325845E+00
GRID,169,,6.897500E-01,7.003135E+00,7.071070E+00
GRID,170,,7.146012E-01,7.255463E+00,6.772765E+00
GRID,171,,7.394525E-01,7.507790E+00,6.474460E+00
GRID,172,,7.643037E-01,7.760117E+00,6.176155E+00
GRID,173,,7.891550E-01,8.012445E+00,5.877850E+00
GRID,174,,8.091500E-01,8.215450E+00,5.543365E+00
GRID,175,,8.291450E-01,8.418455E+00,5.208880E+00
GRID,176,,8.491400E-01,8.621460E+00,4.874395E+00
GRID,177,,8.691350E-01,8.824465E+00,4.539910E+00
GRID,178,,8.837787E-01,8.973146E+00,4.177475E+00
GRID,179,,8.984225E-01,9.121828E+00,3.815040E+00
GRID,180,,9.130662E-01,9.270509E+00,3.452605E+00
GRID,181,,9.277100E-01,9.419190E+00,3.090170E+00
GRID,182,,9.366437E-01,9.509890E+00,2.708715E+00
GRID,183,,9.455775E-01,9.600590E+00,2.327260E+00
GRID,184,,9.545113E-01,9.691290E+00,1.945805E+00
GRID,185,,9.634450E-01,9.781990E+00,1.564350E+00
GRID,186,,9.664462E-01,9.812474E+00,1.173263E+00
GRID,187,,9.694475E-01,9.842958E+00,7.821750E-01
GRID,188,,9.724487E-01,9.873441E+00,3.910875E-01
GRID,189,,9.754500E-01,9.903925E+00,0.000000E+00
GRID,190,,6.112384E-01,4.117269E+00,9.060192E+00
GRID,191,,8.149845E-01,4.097200E+00,9.060192E+00
GRID,192,,1.010901E+00,4.037769E+00,9.060192E+00
GRID,193,,1.206819E+00,3.978337E+00,9.060192E+00
GRID,194,,1.402735E+00,3.918906E+00,9.060192E+00
GRID,195,,1.598653E+00,3.859475E+00,9.060192E+00
GRID,196,,1.779210E+00,3.762966E+00,9.060192E+00
GRID,197,,1.959768E+00,3.666456E+00,9.060192E+00
GRID,198,,2.140325E+00,3.569947E+00,9.060192E+00
GRID,199,,2.320883E+00,3.473438E+00,9.060192E+00
GRID,200,,2.479142E+00,3.343558E+00,9.060192E+00
GRID,201,,2.637401E+00,3.213679E+00,9.060192E+00
GRID,202,,2.795661E+00,3.083799E+00,9.060192E+00
GRID,203,,2.953920E+00,2.953920E+00,9.060192E+00
GRID,204,,3.083799E+00,2.795661E+00,9.060192E+00
GRID,205,,3.213679E+00,2.637401E+00,9.060192E+00
GRID,206,,3.343558E+00,2.479142E+00,9.060192E+00
GRID,207,,3.473438E+00,2.320883E+00,9.060192E+00
GRID,208,,3.569947E+00,2.140325E+00,9.060192E+00
GRID,209,,3.666456E+00,1.959768E+00,9.060192E+00
GRID,210,,3.762966E+00,1.779210E+00,9.060192E+00
GRID,211,,3.859475E+00,1.598653E+00,9.060192E+00
GRID,212,,3.918906E+00,1.402735E+00,9.060192E+00
GRID,213,,3.978337E+00,1.206819E+00,9.060192E+00
GRID,214,,4.037769E+00,1.010901E+00,9.060192E+00
GRID,215,,4.097200E+00,8.149845E-01,9.060192E+00
GRID,216,,4.117269E+00,6.112384E-01,9.060192E+00
GRID,217,,4.137338E+00,4.074923E-01,9.060192E+00
GRID,218,,4.157406E+00,2.037461E-01,9.060192E+00
GRID,219,,4.177475E+00,0.000000E+00,9.060192E+00
GRID,220,,6.642690E-01,4.474480E+00,8.910070E+00
GRID,221,,7.132099E-01,4.804146E+00,8.705095E+00
GRID,222,,7.621507E-01,5.133813E+00,8.500120E+00
GRID,223,,8.110916E-01,5.463479E+00,8.295145E+00
GRID,224,,8.600325E-01,5.793145E+00,8.090170E+00
GRID,225,,9.036806E-01,6.087151E+00,7.835395E+00
GRID,226,,9.473288E-01,6.381156E+00,7.580620E+00
GRID,227,,9.909769E-01,6.675162E+00,7.325845E+00
GRID,228,,1.034625E+00,6.969168E+00,7.071070E+00
GRID,229,,1.071902E+00,7.220271E+00,6.772765E+00
GRID,230,,1.109179E+00,7.471375E+00,6.474460E+00
GRID,231,,1.146456E+00,7.722479E+00,6.176155E+00
GRID,232,,1.183733E+00,7.973583E+00,5.877850E+00
GRID,233,,1.213725E+00,8.175603E+00,5.543365E+00
GRID,234,,1.243718E+00,8.377622E+00,5.208880E+00
GRID,235,,1.273710E+00,8.579643E+00,4.874395E+00
GRID,236,,1.303702E+00,8.781662E+00,4.539910E+00
GRID,237,,1.325668E+00,8.929623E+00,4.177475E+00
GRID,238,,1.347634E+00,9.077584E+00,3.815040E+00
GRID,239,,1.369599E+00,9.225544E+00,3.452605E+00
GRID,240,,1.391565E+00,9.373505E+00,3.090170E+00
GRID,241,,1.404966E+00,9.463765E+00,2.708715E+00
GRID,242,,1.418366E+00,9.554025E+00,2.327260E+00
GRID,243,,1.431767E+00,9.644285E+00,1.945805E+00
GRID,244,,1.445167E+00,9.734545E+00,1.564350E+00
GRID,245,,1.449669E+00,9.764881E+00,1.173263E+00
GRID,246,,1.454171E+00,9.795216E+00,7.821750E-01
GRID,247,,1.458673E+00,9.825552E+00,3.910875E-01
GRID,248,,1.463175E+00,9.855887E+00,0.000000E+00
GRID,249,,8.856920E-01,4.452670E+00,8.910070E+00
GRID,250,,1.098607E+00,4.388083E+00,8.910070E+00
GRID,251,,1.311521E+00,4.323495E+00,8.910070E+00
GRID,252,,1.524436E+00,4.258908E+00,8.910070E+00
GRID,253,,1.737350E+00,4.194320E+00,8.910070E+00
GRID,254,,1.933572E+00,4.089437E+00,8.910070E+00
GRID,255,,2.129795E+00,3.984555E+00,8.910070E+00
GRID,256,,2.326017E+00,3.879672E+00,8.910070E+00
GRID,257,,2.522240E+00,3.774790E+00,8.910070E+00
GRID,258,,2.694230E+00,3.633643E+00,8.910070E+00
GRID,259,,2.866220E+00,3.492495E+00,8.910070E+00
GRID,260,,3.038210E+00,3.351348E+00,8.910070E+00
GRID,261,,3.210200E+00,3.210200E+00,8.910070E+00
GRID,262,,3.351348E+00,3.038210E+00,8.910070E+00
GRID,263,,3.492495E+00,2.866220E+00,8.910070E+00
GRID,264,,3.633643E+00,2.694230E+00,8.910070E+00
GRID,265,,3.774790E+00,2.522240E+00,8.910070E+00
GRID,266,,3.879672E+00,2.326017E+00,8.910070E+00
GRID,267,,3.984555E+00,2.129795E+00,8.910070E+00
GRID,268,,4.089437E+00,1.933572E+00,8.910070E+00
GRID,269,,4.194320E+00,1.737350E+00,8.910070E+00
GRID,270,,4.258908E+00,1.524436E+00,8.910070E+00
GRID,271,,4.323495E+00,1.311521E+00,8.910070E+00
GRID,272,,4.388083E+00,1.098607E+00,8.910070E+00
GRID,273,,4.452670E+00,8.856920E-01,8.910070E+00
GRID,274,,4.474480E+00,6.642690E-01,8.910070E+00
GRID,275,,4.496290E+00,4.428460E-01,8.910070E+00
GRID,276,,4.518100E+00,2.214230E-01,8.910070E+00
GRID,277,,4.539910E+00,0.000000E+00,8.910070E+00
GRID,278,,9.509465E-01,4.780730E+00,8.705095E+00
GRID,279,,1.016201E+00,5.108790E+00,8.500120E+00
GRID,280,,1.081455E+00,5.436850E+00,8.295145E+00
GRID,281,,1.146710E+00,5.764910E+00,8.090170E+00
GRID,282,,1.204908E+00,6.057482E+00,7.835395E+00
GRID,283,,1.263105E+00,6.350055E+00,7.580620E+00
GRID,284,,1.321303E+00,6.642627E+00,7.325845E+00
GRID,285,,1.379500E+00,6.935200E+00,7.071070E+00
GRID,286,,1.429202E+00,7.185080E+00,6.772765E+00
GRID,287,,1.478905E+00,7.434960E+00,6.474460E+00
GRID,288,,1.528607E+00,7.684840E+00,6.176155E+00
GRID,289,,1.578310E+00,7.934720E+00,5.877850E+00
GRID,290,,1.618300E+00,8.135755E+00,5.543365E+00
GRID,291,,1.658290E+00,8.336790E+00,5.208880E+00
GRID,292,,1.698280E+00,8.537825E+00,4.874395E+00
GRID,293,,1.738270E+00,8.738860E+00,4.539910E+00
GRID,294,,1.767557E+00,8.886100E+00,4.177475E+00
GRID,295,,1.796845E+00,9.033340E+00,3.815040E+00
GRID,296,,1.826132E+00,9.180580E+00,3.452605E+00
GRID,297,,1.855420E+00,9.327820E+00,3.090170E+00
GRID,298,,1.873287E+00,9.417640E+00,2.708715E+00
GRID,299,,1.891155E+00,9.507460E+00,2.327260E+00
GRID,300,,1.909023E+00,9.597280E+00,1.945805E+00
GRID,301,,1.926890E+00,9.687100E+00,1.564350E+00
GRID,302,,1.932892E+00,9.717287E+00,1.173263E+00
GRID,303,,1.938895E+00,9.747475E+00,7.821750E-01
GRID,304,,1.944897E+00,9.777662E+00,3.910875E-01
GRID,305,,1.950900E+00,9.807850E+00,0.000000E+00
GRID,306,,1.179548E+00,4.711384E+00,8.705095E+00
GRID,307,,1.408149E+00,4.642039E+00,8.705095E+00
GRID,308,,1.636751E+00,4.572693E+00,8.705095E+00
GRID,309,,1.865352E+00,4.503348E+00,8.705095E+00
GRID,310,,2.076032E+00,4.390738E+00,8.705095E+00
GRID,311,,2.286711E+00,4.278128E+00,8.705095E+00
GRID,312,,2.497391E+00,4.165517E+00,8.705095E+00
GRID,313,,2.708070E+00,4.052907E+00,8.705095E+00
GRID,314,,2.892732E+00,3.901360E+00,8.705095E+00
GRID,315,,3.077394E+00,3.749812E+00,8.705095E+00
GRID,316,,3.262056E+00,3.598265E+00,8.705095E+00
GRID,317,,3.446718E+00,3.446718E+00,8.705095E+00
GRID,318,,3.598265E+00,3.262056E+00,8.705095E+00
GRID,319,,3.749812E+00,3.077394E+00,8.705095E+00
GRID,320,,3.901360E+00,2.892732E+00,8.705095E+00
GRID,321,,4.052907E+00,2.708070E+00,8.705095E+00
GRID,322,,4.165517E+00,2.497391E+00,8.705095E+00
GRID,323,,4.278128E+00,2.286711E+00,8.705095E+00
GRID,324,,4.390738E+00,2.076032E+00,8.705095E+00
GRID,325,,4.503348E+00,1.865352E+00,8.705095E+00
GRID,326,,4.572693E+00,1.636751E+00,8.705095E+00
GRID,327,,4.642039E+00,1.408149E+00,8.705095E+00
GRID,328,,4.711384E+00,1.179548E+00,8.705095E+00
GRID,329,,4.780730E+00,9.509465E-01,8.705095E+00
GRID,330,,4.804146E+00,7.132099E-01,8.705095E+00
GRID,331,,4.827562E+00,4.754733E-01,8.705095E+00
GRID,332,,4.850979E+00,2.377366E-01,8.705095E+00
GRID,333,,4.874395E+00,0.000000E+00,8.705095E+00
GRID,334,,1.260490E+00,5.034686E+00,8.500120E+00
GRID,335,,1.341431E+00,5.357988E+00,8.295145E+00
GRID,336,,1.422373E+00,5.681290E+00,8.090170E+00
GRID,337,,1.494559E+00,5.969618E+00,7.835395E+00
GRID,338,,1.566746E+00,6.257946E+00,7.580620E+00
GRID,339,,1.638933E+00,6.546274E+00,7.325845E+00
GRID,340,,1.711120E+00,6.834602E+00,7.071070E+00
GRID,341,,1.772771E+00,7.080858E+00,6.772765E+00
GRID,342,,1.834423E+00,7.327114E+00,6.474460E+00
GRID,343,,1.896074E+00,7.573369E+00,6.176155E+00
GRID,344,,1.957725E+00,7.819625E+00,5.877850E+00
GRID,345,,2.007328E+00,8.017744E+00,5.543365E+00
GRID,346,,2.056930E+00,8.215864E+00,5.208880E+00
GRID,347,,2.106533E+00,8.413983E+00,4.874395E+00
GRID,348,,2.156135E+00,8.612103E+00,4.539910E+00
GRID,349,,2.192464E+00,8.757207E+00,4.177475E+00
GRID,350,,2.228792E+00,8.902311E+00,3.815040E+00
GRID,351,,2.265121E+00,9.047416E+00,3.452605E+00
GRID,352,,2.301450E+00,9.192520E+00,3.090170E+00
GRID,353,,2.323612E+00,9.281037E+00,2.708715E+00
GRID,354,,2.345774E+00,9.369554E+00,2.327260E+00
GRID,355,,2.367936E+00,9.458071E+00,1.945805E+00
GRID,356,,2.390097E+00,9.546587E+00,1.564350E+00
GRID,357,,2.397544E+00,9.576337E+00,1.173263E+00
GRID,358,,2.404990E+00,9.606087E+00,7.821750E-01
GRID,359,,2.412436E+00,9.635837E+00,3.910875E-01
GRID,360,,2.419882E+00,9.665588E+00,0.000000E+00
GRID,361,,1.504778E+00,4.960583E+00,8.500120E+00
GRID,362,,1.749067E+00,4.886479E+00,8.500120E+00
GRID,363,,1.993355E+00,4.812375E+00,8.500120E+00
GRID,364,,2.218491E+00,4.692037E+00,8.500120E+00
GRID,365,,2.443627E+00,4.571700E+00,8.500120E+00
GRID,366,,2.668764E+00,4.451363E+00,8.500120E+00
GRID,367,,2.893900E+00,4.331025E+00,8.500120E+00
GRID,368,,3.091234E+00,4.169078E+00,8.500120E+00
GRID,369,,3.288568E+00,4.007130E+00,8.500120E+00
GRID,370,,3.485901E+00,3.845182E+00,8.500120E+00
GRID,371,,3.683235E+00,3.683235E+00,8.500120E+00
GRID,372,,3.845182E+00,3.485901E+00,8.500120E+00
GRID,373,,4.007130E+00,3.288568E+00,8.500120E+00
GRID,374,,4.169078E+00,3.091234E+00,8.500120E+00
GRID,375,,4.331025E+00,2.893900E+00,8.500120E+00
GRID,376,,4.451363E+00,2.668764E+00,8.500120E+00
GRID,377,,4.571700E+00,2.443627E+00,8.500120E+00
GRID,378,,4.692037E+00,2.218491E+00,8.500120E+00
GRID,379,,4.812375E+00,1.993355E+00,8.500120E+00
GRID,380,,4.886479E+00,1.749067E+00,8.500120E+00
GRID,381,,4.960583E+00,1.504778E+00,8.500120E+00
GRID,382,,5.034686E+00,1.260490E+00,8.500120E+00
GRID,383,,5.108790E+00,1.016201E+00,8.500120E+00
GRID,384,,5.133813E+00,7.621507E-01,8.500120E+00
GRID,385,,5.158835E+00,5.081005E-01,8.500120E+00
GRID,386,,5.183858E+00,2.540502E-01,8.500120E+00
GRID,387,,5.208880E+00,0.000000E+00,8.500120E+00
GRID,388,,1.601406E+00,5.279126E+00,8.295145E+00
GRID,389,,1.698035E+00,5.597670E+00,8.090170E+00
GRID,390,,1.784211E+00,5.881754E+00,7.835395E+00
GRID,391,,1.870388E+00,6.165838E+00,7.580620E+00
GRID,392,,1.956564E+00,6.449921E+00,7.325845E+00
GRID,393,,2.042740E+00,6.734005E+00,7.071070E+00
GRID,394,,2.116340E+00,6.976636E+00,6.772765E+00
GRID,395,,2.189940E+00,7.219267E+00,6.474460E+00
GRID,396,,2.263540E+00,7.461899E+00,6.176155E+00
GRID,397,,2.337140E+00,7.704530E+00,5.877850E+00
GRID,398,,2.396355E+00,7.899734E+00,5.543365E+00
GRID,399,,2.455570E+00,8.094938E+00,5.208880E+00
GRID,400,,2.514785E+00,8.290141E+00,4.874395E+00
GRID,401,,2.574000E+00,8.485345E+00,4.539910E+00
GRID,402,,2.617370E+00,8.628314E+00,4.177475E+00
GRID,403,,2.660740E+00,8.771282E+00,3.815040E+00
GRID,404,,2.704110E+00,8.914251E+00,3.452605E+00
GRID,405,,2.747480E+00,9.057220E+00,3.090170E+00
GRID,406,,2.773936E+00,9.144434E+00,2.708715E+00
GRID,407,,2.800393E+00,9.231647E+00,2.327260E+00
GRID,408,,2.826849E+00,9.318861E+00,1.945805E+00
GRID,409,,2.853305E+00,9.406075E+00,1.564350E+00
GRID,410,,2.862195E+00,9.435387E+00,1.173263E+00
GRID,411,,2.871085E+00,9.464700E+00,7.821750E-01
GRID,412,,2.879975E+00,9.494013E+00,3.910875E-01
GRID,413,,2.888865E+00,9.523325E+00,0.000000E+00
GRID,414,,1.861382E+00,5.200264E+00,8.295145E+00
GRID,415,,2.121357E+00,5.121403E+00,8.295145E+00
GRID,416,,2.360951E+00,4.993337E+00,8.295145E+00
GRID,417,,2.600544E+00,4.865272E+00,8.295145E+00
GRID,418,,2.840137E+00,4.737208E+00,8.295145E+00
GRID,419,,3.079730E+00,4.609142E+00,8.295145E+00
GRID,420,,3.289736E+00,4.436795E+00,8.295145E+00
GRID,421,,3.499741E+00,4.264448E+00,8.295145E+00
GRID,422,,3.709747E+00,4.092100E+00,8.295145E+00
GRID,423,,3.919752E+00,3.919752E+00,8.295145E+00
GRID,424,,4.092100E+00,3.709747E+00,8.295145E+00
GRID,425,,4.264448E+00,3.499741E+00,8.295145E+00
GRID,426,,4.436795E+00,3.289736E+00,8.295145E+00
GRID,427,,4.609142E+00,3.079730E+00,8.295145E+00
GRID,428,,4.737208E+00,2.840137E+00,8.295145E+00
GRID,429,,4.865272E+00,2.600544E+00,8.295145E+00
GRID,430,,4.993337E+00,2.360951E+00,8.295145E+00
GRID,431,,5.121403E+00,2.121357E+00,8.295145E+00
GRID,432,,5.200264E+00,1.861382E+00,8.295145E+00
GRID,433,,5.279126E+00,1.601406E+00,8.295145E+00
GRID,434,,5.357988E+00,1.341431E+00,8.295145E+00
GRID,435,,5.436850E+00,1.081455E+00,8.295145E+00
GRID,436,,5.463479E+00,8.110916E-01,8.295145E+00
GRID,437,,5.490107E+00,5.407277E-01,8.295145E+00
GRID,438,,5.516736E+00,2.703639E-01,8.295145E+00
GRID,439,,5.543365E+00,0.000000E+00,8.295145E+00
GRID,440,,1.973698E+00,5.514050E+00,8.090170E+00
GRID,441,,2.073863E+00,5.793889E+00,7.835395E+00
GRID,442,,2.174029E+00,6.073729E+00,7.580620E+00
GRID,443,,2.274194E+00,6.353568E+00,7.325845E+00
GRID,444,,2.374360E+00,6.633407E+00,7.071070E+00
GRID,445,,2.459909E+00,6.872414E+00,6.772765E+00
GRID,446,,2.545457E+00,7.111421E+00,6.474460E+00
GRID,447,,2.631006E+00,7.350428E+00,6.176155E+00
GRID,448,,2.716555E+00,7.589435E+00,5.877850E+00
GRID,449,,2.785382E+00,7.781723E+00,5.543365E+00
GRID,450,,2.854210E+00,7.974011E+00,5.208880E+00
GRID,451,,2.923037E+00,8.166299E+00,4.874395E+00
GRID,452,,2.991865E+00,8.358588E+00,4.539910E+00
GRID,453,,3.042276E+00,8.499421E+00,4.177475E+00
GRID,454,,3.092687E+00,8.640254E+00,3.815040E+00
GRID,455,,3.143099E+00,8.781087E+00,3.452605E+00
GRID,456,,3.193510E+00,8.921920E+00,3.090170E+00
GRID,457,,3.224261E+00,9.007831E+00,2.708715E+00
GRID,458,,3.255011E+00,9.093741E+00,2.327260E+00
GRID,459,,3.285762E+00,9.179652E+00,1.945805E+00
GRID,460,,3.316512E+00,9.265562E+00,1.564350E+00
GRID,461,,3.326846E+00,9.294438E+00,1.173263E+00
GRID,462,,3.337180E+00,9.323313E+00,7.821750E-01
GRID,463,,3.347514E+00,9.352187E+00,3.910875E-01
GRID,464,,3.357848E+00,9.381063E+00,0.000000E+00
GRID,465,,2.249360E+00,5.430430E+00,8.090170E+00
GRID,466,,2.503410E+00,5.294638E+00,8.090170E+00
GRID,467,,2.757460E+00,5.158845E+00,8.090170E+00
GRID,468,,3.011510E+00,5.023053E+00,8.090170E+00
GRID,469,,3.265560E+00,4.887260E+00,8.090170E+00
GRID,470,,3.488237E+00,4.704512E+00,8.090170E+00
GRID,471,,3.710915E+00,4.521765E+00,8.090170E+00
GRID,472,,3.933593E+00,4.339017E+00,8.090170E+00
GRID,473,,4.156270E+00,4.156270E+00,8.090170E+00
GRID,474,,4.339017E+00,3.933593E+00,8.090170E+00
GRID,475,,4.521765E+00,3.710915E+00,8.090170E+00
GRID,476,,4.704512E+00,3.488237E+00,8.090170E+00
GRID,477,,4.887260E+00,3.265560E+00,8.090170E+00
GRID,478,,5.023053E+00,3.011510E+00,8.090170E+00
GRID,479,,5.158845E+00,2.757460E+00,8.090170E+00
GRID,480,,5.294638E+00,2.503410E+00,8.090170E+00
GRID,481,,5.430430E+00,2.249360E+00,8.090170E+00
GRID,482,,5.514050E+00,1.973698E+00,8.090170E+00
GRID,483,,5.597670E+00,1.698035E+00,8.090170E+00
GRID,484,,5.681290E+00,1.422373E+00,8.090170E+00
GRID,485,,5.764910E+00,1.146710E+00,8.090170E+00
GRID,486,,5.793145E+00,8.600325E-01,8.090170E+00
GRID,487,,5.821380E+00,5.733550E-01,8.090170E+00
GRID,488,,5.849615E+00,2.866775E-01,8.090170E+00
GRID,489,,5.877850E+00,0.000000E+00,8.090170E+00
GRID,490,,2.363515E+00,5.706025E+00,7.835395E+00
GRID,491,,2.477670E+00,5.981620E+00,7.580620E+00
GRID,492,,2.591825E+00,6.257215E+00,7.325845E+00
GRID,493,,2.705980E+00,6.532810E+00,7.071070E+00
GRID,494,,2.803478E+00,6.768192E+00,6.772765E+00
GRID,495,,2.900975E+00,7.003575E+00,6.474460E+00
GRID,496,,2.998473E+00,7.238957E+00,6.176155E+00
GRID,497,,3.095970E+00,7.474340E+00,5.877850E+00
GRID,498,,3.174410E+00,7.663712E+00,5.543365E+00
GRID,499,,3.252850E+00,7.853085E+00,5.208880E+00
GRID,500,,3.331290E+00,8.042457E+00,4.874395E+00
GRID,501,,3.409730E+00,8.231830E+00,4.539910E+00
GRID,502,,3.467182E+00,8.370527E+00,4.177475E+00
GRID,503,,3.524635E+00,8.509225E+00,3.815040E+00
GRID,504,,3.582088E+00,8.647922E+00,3.452605E+00
GRID,505,,3.639540E+00,8.786620E+00,3.090170E+00
GRID,506,,3.674585E+00,8.871227E+00,2.708715E+00
GRID,507,,3.709630E+00,8.955835E+00,2.327260E+00
GRID,508,,3.744675E+00,9.040442E+00,1.945805E+00
GRID,509,,3.779720E+00,9.125050E+00,1.564350E+00
GRID,510,,3.791498E+00,9.153488E+00,1.173263E+00
GRID,511,,3.803275E+00,9.181925E+00,7.821750E-01
GRID,512,,3.815053E+00,9.210363E+00,3.910875E-01
GRID,513,,3.826830E+00,9.238800E+00,0.000000E+00
GRID,514,,2.630458E+00,5.563341E+00,7.835395E+00
GRID,515,,2.897401E+00,5.420657E+00,7.835395E+00
GRID,516,,3.164344E+00,5.277974E+00,7.835395E+00
GRID,517,,3.431287E+00,5.135290E+00,7.835395E+00
GRID,518,,3.665266E+00,4.943268E+00,7.835395E+00
GRID,519,,3.899245E+00,4.751246E+00,7.835395E+00
GRID,520,,4.133224E+00,4.559224E+00,7.835395E+00
GRID,521,,4.367203E+00,4.367203E+00,7.835395E+00
GRID,522,,4.559224E+00,4.133224E+00,7.835395E+00
GRID,523,,4.751246E+00,3.899245E+00,7.835395E+00
GRID,524,,4.943268E+00,3.665266E+00,7.835395E+00
GRID,525,,5.135290E+00,3.431287E+00,7.835395E+00
GRID,526,,5.277974E+00,3.164344E+00,7.835395E+00
GRID,527,,5.420657E+00,2.897401E+00,7.835395E+00
GRID,528,,5.563341E+00,2.630458E+00,7.835395E+00
GRID,529,,5.706025E+00,2.363515E+00,7.835395E+00
GRID,530,,5.793889E+00,2.073863E+00,7.835395E+00
GRID,531,,5.881754E+00,1.784211E+00,7.835395E+00
GRID,532,,5.969618E+00,1.494559E+00,7.835395E+00
GRID,533,,6.057482E+00,1.204908E+00,7.835395E+00
GRID,534,,6.087151E+00,9.036806E-01,7.835395E+00
GRID,535,,6.116819E+00,6.024538E-01,7.835395E+00
GRID,536,,6.146487E+00,3.012269E-01,7.835395E+00
GRID,537,,6.176155E+00,0.000000E+00,7.835395E+00
GRID,538,,2.757506E+00,5.832045E+00,7.580620E+00
GRID,539,,2.884554E+00,6.100749E+00,7.325845E+00
GRID,540,,3.011602E+00,6.369453E+00,7.071070E+00
GRID,541,,3.120112E+00,6.598949E+00,6.772765E+00
GRID,542,,3.228623E+00,6.828445E+00,6.474460E+00
GRID,543,,3.337133E+00,7.057941E+00,6.176155E+00
GRID,544,,3.445642E+00,7.287438E+00,5.877850E+00
GRID,545,,3.532942E+00,7.472074E+00,5.543365E+00
GRID,546,,3.620241E+00,7.656711E+00,5.208880E+00
GRID,547,,3.707541E+00,7.841348E+00,4.874395E+00
GRID,548,,3.794840E+00,8.025985E+00,4.539910E+00
GRID,549,,3.858781E+00,8.161214E+00,4.177475E+00
GRID,550,,3.922721E+00,8.296444E+00,3.815040E+00
GRID,551,,3.986662E+00,8.431673E+00,3.452605E+00
GRID,552,,4.050603E+00,8.566902E+00,3.090170E+00
GRID,553,,4.089606E+00,8.649394E+00,2.708715E+00
GRID,554,,4.128609E+00,8.731886E+00,2.327260E+00
GRID,555,,4.167612E+00,8.814378E+00,1.945805E+00
GRID,556,,4.206615E+00,8.896870E+00,1.564350E+00
GRID,557,,4.219723E+00,8.924596E+00,1.173263E+00
GRID,558,,4.232831E+00,8.952322E+00,7.821750E-01
GRID,559,,4.245939E+00,8.980049E+00,3.910875E-01
GRID,560,,4.259048E+00,9.007775E+00,0.000000E+00
GRID,561,,3.037342E+00,5.682470E+00,7.580620E+00
GRID,562,,3.317179E+00,5.532895E+00,7.580620E+00
GRID,563,,3.597015E+00,5.383320E+00,7.580620E+00
GRID,564,,3.842295E+00,5.182024E+00,7.580620E+00
GRID,565,,4.087575E+00,4.980728E+00,7.580620E+00
GRID,566,,4.332855E+00,4.779431E+00,7.580620E+00
GRID,567,,4.578135E+00,4.578135E+00,7.580620E+00
GRID,568,,4.779431E+00,4.332855E+00,7.580620E+00
GRID,569,,4.980728E+00,4.087575E+00,7.580620E+00
GRID,570,,5.182024E+00,3.842295E+00,7.580620E+00
GRID,571,,5.383320E+00,3.597015E+00,7.580620E+00
GRID,572,,5.532895E+00,3.317179E+00,7.580620E+00
GRID,573,,5.682470E+00,3.037342E+00,7.580620E+00
GRID,574,,5.832045E+00,2.757506E+00,7.580620E+00
GRID,575,,5.981620E+00,2.477670E+00,7.580620E+00
GRID,576,,6.073729E+00,2.174029E+00,7.580620E+00
GRID,577,,6.165838E+00,1.870388E+00,7.580620E+00
GRID,578,,6.257946E+00,1.566746E+00,7.580620E+00
GRID,579,,6.350055E+00,1.263105E+00,7.580620E+00
GRID,580,,6.381156E+00,9.473288E-01,7.580620E+00
GRID,581,,6.412257E+00,6.315525E-01,7.580620E+00
GRID,582,,6.443359E+00,3.157762E-01,7.580620E+00
GRID,583,,6.474460E+00,0.000000E+00,7.580620E+00
GRID,584,,3.177284E+00,5.944282E+00,7.325845E+00
GRID,585,,3.317225E+00,6.206095E+00,7.071070E+00
GRID,586,,3.436748E+00,6.429705E+00,6.772765E+00
GRID,587,,3.556270E+00,6.653315E+00,6.474460E+00
GRID,588,,3.675793E+00,6.876925E+00,6.176155E+00
GRID,589,,3.795315E+00,7.100535E+00,5.877850E+00
GRID,590,,3.891474E+00,7.280436E+00,5.543365E+00
GRID,591,,3.987633E+00,7.460337E+00,5.208880E+00
GRID,592,,4.083791E+00,7.640239E+00,4.874395E+00
GRID,593,,4.179950E+00,7.820140E+00,4.539910E+00
GRID,594,,4.250379E+00,7.951901E+00,4.177475E+00
GRID,595,,4.320807E+00,8.083663E+00,3.815040E+00
GRID,596,,4.391236E+00,8.215424E+00,3.452605E+00
GRID,597,,4.461665E+00,8.347185E+00,3.090170E+00
GRID,598,,4.504626E+00,8.427561E+00,2.708715E+00
GRID,599,,4.547587E+00,8.507938E+00,2.327260E+00
GRID,600,,4.590549E+00,8.588314E+00,1.945805E+00
GRID,601,,4.633510E+00,8.668690E+00,1.564350E+00
GRID,602,,4.647949E+00,8.695705E+00,1.173263E+00
GRID,603,,4.662388E+00,8.722720E+00,7.821750E-01
GRID,604,,4.676826E+00,8.749735E+00,3.910875E-01
GRID,605,,4.691265E+00,8.776750E+00,0.000000E+00
GRID,606,,3.470013E+00,5.787816E+00,7.325845E+00
GRID,607,,3.762742E+00,5.631350E+00,7.325845E+00
GRID,608,,4.019324E+00,5.420779E+00,7.325845E+00
GRID,609,,4.275905E+00,5.210209E+00,7.325845E+00
GRID,610,,4.532486E+00,4.999638E+00,7.325845E+00
GRID,611,,4.789067E+00,4.789067E+00,7.325845E+00
GRID,612,,4.999638E+00,4.532486E+00,7.325845E+00
GRID,613,,5.210209E+00,4.275905E+00,7.325845E+00
GRID,614,,5.420779E+00,4.019324E+00,7.325845E+00
GRID,615,,5.631350E+00,3.762742E+00,7.325845E+00
GRID,616,,5.787816E+00,3.470013E+00,7.325845E+00
GRID,617,,5.944282E+00,3.177284E+00,7.325845E+00
GRID,618,,6.100749E+00,2.884554E+00,7.325845E+00
GRID,619,,6.257215E+00,2.591825E+00,7.325845E+00
GRID,620,,6.353568E+00,2.274194E+00,7.325845E+00
GRID,621,,6.449921E+00,1.956564E+00,7.325845E+00
GRID,622,,6.546274E+00,1.638933E+00,7.325845E+00
GRID,623,,6.642627E+00,1.321303E+00,7.325845E+00
GRID,624,,6.675162E+00,9.909769E-01,7.325845E+00
GRID,625,,6.707696E+00,6.606513E-01,7.325845E+00
GRID,626,,6.740231E+00,3.303256E-01,7.325845E+00
GRID,627,,6.772765E+00,0.000000E+00,7.325845E+00
GRID,628,,3.622848E+00,6.042738E+00,7.071070E+00
GRID,629,,3.753382E+00,6.260461E+00,6.772765E+00
GRID,630,,3.883917E+00,6.478185E+00,6.474460E+00
GRID,631,,4.014452E+00,6.695909E+00,6.176155E+00
GRID,632,,4.144988E+00,6.913633E+00,5.877850E+00
GRID,633,,4.250006E+00,7.088798E+00,5.543365E+00
GRID,634,,4.355024E+00,7.263964E+00,5.208880E+00
GRID,635,,4.460042E+00,7.439129E+00,4.874395E+00
GRID,636,,4.565060E+00,7.614295E+00,4.539910E+00
GRID,637,,4.641977E+00,7.742588E+00,4.177475E+00
GRID,638,,4.718894E+00,7.870881E+00,3.815040E+00
GRID,639,,4.795811E+00,7.999174E+00,3.452605E+00
GRID,640,,4.872727E+00,8.127467E+00,3.090170E+00
GRID,641,,4.919647E+00,8.205728E+00,2.708715E+00
GRID,642,,4.966566E+00,8.283989E+00,2.327260E+00
GRID,643,,5.013486E+00,8.362249E+00,1.945805E+00
GRID,644,,5.060405E+00,8.440510E+00,1.564350E+00
GRID,645,,5.076174E+00,8.466814E+00,1.173263E+00
GRID,646,,5.091944E+00,8.493118E+00,7.821750E-01
GRID,647,,5.107713E+00,8.519421E+00,3.910875E-01
GRID,648,,5.123482E+00,8.545725E+00,0.000000E+00
GRID,649,,3.928470E+00,5.879380E+00,7.071070E+00
GRID,650,,4.196352E+00,5.659535E+00,7.071070E+00
GRID,651,,4.464235E+00,5.439690E+00,7.071070E+00
GRID,652,,4.732118E+00,5.219845E+00,7.071070E+00
GRID,653,,5.000000E+00,5.000000E+00,7.071070E+00
GRID,654,,5.219845E+00,4.732118E+00,7.071070E+00
GRID,655,,5.439690E+00,4.464235E+00,7.071070E+00
GRID,656,,5.659535E+00,4.196352E+00,7.071070E+00
GRID,657,,5.879380E+00,3.928470E+00,7.071070E+00
GRID,658,,6.042738E+00,3.622848E+00,7.071070E+00
GRID,659,,6.206095E+00,3.317225E+00,7.071070E+00
GRID,660,,6.369453E+00,3.011602E+00,7.071070E+00
GRID,661,,6.532810E+00,2.705980E+00,7.071070E+00
GRID,662,,6.633407E+00,2.374360E+00,7.071070E+00
GRID,663,,6.734005E+00,2.042740E+00,7.071070E+00
GRID,664,,6.834602E+00,1.711120E+00,7.071070E+00
GRID,665,,6.935200E+00,1.379500E+00,7.071070E+00
GRID,666,,6.969168E+00,1.034625E+00,7.071070E+00
GRID,667,,7.003135E+00,6.897500E-01,7.071070E+00
GRID,668,,7.037102E+00,3.448750E-01,7.071070E+00
GRID,669,,7.071070E+00,0.000000E+00,7.071070E+00
GRID,670,,4.070017E+00,6.091217E+00,6.772765E+00
GRID,671,,4.211565E+00,6.303055E+00,6.474460E+00
GRID,672,,4.353112E+00,6.514893E+00,6.176155E+00
GRID,673,,4.494660E+00,6.726730E+00,5.877850E+00
GRID,674,,4.608537E+00,6.897160E+00,5.543365E+00
GRID,675,,4.722415E+00,7.067590E+00,5.208880E+00
GRID,676,,4.836292E+00,7.238020E+00,4.874395E+00
GRID,677,,4.950170E+00,7.408450E+00,4.539910E+00
GRID,678,,5.033575E+00,7.533275E+00,4.177475E+00
GRID,679,,5.116980E+00,7.658100E+00,3.815040E+00
GRID,680,,5.200385E+00,7.782925E+00,3.452605E+00
GRID,681,,5.283790E+00,7.907750E+00,3.090170E+00
GRID,682,,5.334668E+00,7.983895E+00,2.708715E+00
GRID,683,,5.385545E+00,8.060040E+00,2.327260E+00
GRID,684,,5.436422E+00,8.136185E+00,1.945805E+00
GRID,685,,5.487300E+00,8.212330E+00,1.564350E+00
GRID,686,,5.504400E+00,8.237922E+00,1.173263E+00
GRID,687,,5.521500E+00,8.263515E+00,7.821750E-01
GRID,688,,5.538600E+00,8.289108E+00,3.910875E-01
GRID,689,,5.555700E+00,8.314700E+00,0.000000E+00
GRID,690,,4.347551E+00,5.863451E+00,6.772765E+00
GRID,691,,4.625085E+00,5.635685E+00,6.772765E+00
GRID,692,,4.902619E+00,5.407919E+00,6.772765E+00
GRID,693,,5.180153E+00,5.180153E+00,6.772765E+00
GRID,694,,5.407919E+00,4.902619E+00,6.772765E+00
GRID,695,,5.635685E+00,4.625085E+00,6.772765E+00
GRID,696,,5.863451E+00,4.347551E+00,6.772765E+00
GRID,697,,6.091217E+00,4.070017E+00,6.772765E+00
GRID,698,,6.260461E+00,3.753382E+00,6.772765E+00
GRID,699,,6.429705E+00,3.436748E+00,6.772765E+00
GRID,700,,6.598949E+00,3.120112E+00,6.772765E+00
GRID,701,,6.768192E+00,2.803478E+00,6.772765E+00
GRID,702,,6.872414E+00,2.459909E+00,6.772765E+00
GRID,703,,6.976636E+00,2.116340E+00,6.772765E+00
GRID,704,,7.080858E+00,1.772771E+00,6.772765E+00
GRID,705,,7.185080E+00,1.429202E+00,6.772765E+00
GRID,706,,7.220271E+00,1.071902E+00,6.772765E+00
GRID,707,,7.255463E+00,7.146012E-01,6.772765E+00
GRID,708,,7.290654E+00,3.573006E-01,6.772765E+00
GRID,709,,7.325845E+00,0.000000E+00,6.772765E+00
GRID,710,,4.498750E+00,6.067367E+00,6.474460E+00
GRID,711,,4.649949E+00,6.271284E+00,6.176155E+00
GRID,712,,4.801147E+00,6.475200E+00,5.877850E+00
GRID,713,,4.922791E+00,6.639258E+00,5.543365E+00
GRID,714,,5.044434E+00,6.803315E+00,5.208880E+00
GRID,715,,5.166077E+00,6.967372E+00,4.874395E+00
GRID,716,,5.287720E+00,7.131430E+00,4.539910E+00
GRID,717,,5.376812E+00,7.251588E+00,4.177475E+00
GRID,718,,5.465905E+00,7.371745E+00,3.815040E+00
GRID,719,,5.554997E+00,7.491903E+00,3.452605E+00
GRID,720,,5.644090E+00,7.612060E+00,3.090170E+00
GRID,721,,5.698437E+00,7.685358E+00,2.708715E+00
GRID,722,,5.752784E+00,7.758655E+00,2.327260E+00
GRID,723,,5.807131E+00,7.831952E+00,1.945805E+00
GRID,724,,5.861478E+00,7.905250E+00,1.564350E+00
GRID,725,,5.879744E+00,7.929886E+00,1.173263E+00
GRID,726,,5.898010E+00,7.954521E+00,7.821750E-01
GRID,727,,5.916276E+00,7.979157E+00,3.910875E-01
GRID,728,,5.934543E+00,8.003792E+00,0.000000E+00
GRID,729,,4.785935E+00,5.831680E+00,6.474460E+00
GRID,730,,5.073120E+00,5.595993E+00,6.474460E+00
GRID,731,,5.360305E+00,5.360305E+00,6.474460E+00
GRID,732,,5.595993E+00,5.073120E+00,6.474460E+00
GRID,733,,5.831680E+00,4.785935E+00,6.474460E+00
GRID,734,,6.067367E+00,4.498750E+00,6.474460E+00
GRID,735,,6.303055E+00,4.211565E+00,6.474460E+00
GRID,736,,6.478185E+00,3.883917E+00,6.474460E+00
GRID,737,,6.653315E+00,3.556270E+00,6.474460E+00
GRID,738,,6.828445E+00,3.228623E+00,6.474460E+00
GRID,739,,7.003575E+00,2.900975E+00,6.474460E+00
GRID,740,,7.111421E+00,2.545457E+00,6.474460E+00
GRID,741,,7.219267E+00,2.189940E+00,6.474460E+00
GRID,742,,7.327114E+00,1.834423E+00,6.474460E+00
GRID,743,,7.434960E+00,1.478905E+00,6.474460E+00
GRID,744,,7.471375E+00,1.109179E+00,6.474460E+00
GRID,745,,7.507790E+00,7.394525E-01,6.474460E+00
GRID,746,,7.544205E+00,3.697262E-01,6.474460E+00
GRID,747,,7.580620E+00,0.000000E+00,6.474460E+00
GRID,748,,4.946785E+00,6.027675E+00,6.176155E+00
GRID,749,,5.107635E+00,6.223670E+00,5.877850E+00
GRID,750,,5.237044E+00,6.381355E+00,5.543365E+00
GRID,751,,5.366453E+00,6.539040E+00,5.208880E+00
GRID,752,,5.495861E+00,6.696725E+00,4.874395E+00
GRID,753,,5.625270E+00,6.854410E+00,4.539910E+00
GRID,754,,5.720050E+00,6.969900E+00,4.177475E+00
GRID,755,,5.814830E+00,7.085390E+00,3.815040E+00
GRID,756,,5.909610E+00,7.200880E+00,3.452605E+00
GRID,757,,6.004390E+00,7.316370E+00,3.090170E+00
GRID,758,,6.062206E+00,7.386820E+00,2.708715E+00
GRID,759,,6.120023E+00,7.457270E+00,2.327260E+00
GRID,760,,6.177839E+00,7.527720E+00,1.945805E+00
GRID,761,,6.235655E+00,7.598170E+00,1.564350E+00
GRID,762,,6.255088E+00,7.621849E+00,1.173263E+00
GRID,763,,6.274520E+00,7.645528E+00,7.821750E-01
GRID,764,,6.293952E+00,7.669206E+00,3.910875E-01
GRID,765,,6.313385E+00,7.692885E+00,0.000000E+00
GRID,766,,5.243621E+00,5.784066E+00,6.176155E+00
GRID,767,,5.540457E+00,5.540457E+00,6.176155E+00
GRID,768,,5.784066E+00,5.243621E+00,6.176155E+00
GRID,769,,6.027675E+00,4.946785E+00,6.176155E+00
GRID,770,,6.271284E+00,4.649949E+00,6.176155E+00
GRID,771,,6.514893E+00,4.353112E+00,6.176155E+00
GRID,772,,6.695909E+00,4.014452E+00,6.176155E+00
GRID,773,,6.876925E+00,3.675793E+00,6.176155E+00
GRID,774,,7.057941E+00,3.337133E+00,6.176155E+00
GRID,775,,7.238957E+00,2.998473E+00,6.176155E+00
GRID,776,,7.350428E+00,2.631006E+00,6.176155E+00
GRID,777,,7.461899E+00,2.263540E+00,6.176155E+00
GRID,778,,7.573369E+00,1.896074E+00,6.176155E+00
GRID,779,,7.684840E+00,1.528607E+00,6.176155E+00
GRID,780,,7.722479E+00,1.146456E+00,6.176155E+00
GRID,781,,7.760117E+00,7.643037E-01,6.176155E+00
GRID,782,,7.797756E+00,3.821519E-01,6.176155E+00
GRID,783,,7.835395E+00,0.000000E+00,6.176155E+00
GRID,784,,5.414123E+00,5.972140E+00,5.877850E+00
GRID,785,,5.551297E+00,6.123452E+00,5.543365E+00
GRID,786,,5.688471E+00,6.274765E+00,5.208880E+00
GRID,787,,5.825646E+00,6.426077E+00,4.874395E+00
GRID,788,,5.962820E+00,6.577390E+00,4.539910E+00
GRID,789,,6.063288E+00,6.688212E+00,4.177475E+00
GRID,790,,6.163755E+00,6.799035E+00,3.815040E+00
GRID,791,,6.264222E+00,6.909858E+00,3.452605E+00
GRID,792,,6.364690E+00,7.020680E+00,3.090170E+00
GRID,793,,6.425976E+00,7.088283E+00,2.708715E+00
GRID,794,,6.487261E+00,7.155885E+00,2.327260E+00
GRID,795,,6.548547E+00,7.223488E+00,1.945805E+00
GRID,796,,6.609833E+00,7.291090E+00,1.564350E+00
GRID,797,,6.630431E+00,7.313812E+00,1.173263E+00
GRID,798,,6.651030E+00,7.336534E+00,7.821750E-01
GRID,799,,6.671629E+00,7.359256E+00,3.910875E-01
GRID,800,,6.692228E+00,7.381977E+00,0.000000E+00
GRID,801,,5.720610E+00,5.720610E+00,5.877850E+00
GRID,802,,5.972140E+00,5.414123E+00,5.877850E+00
GRID,803,,6.223670E+00,5.107635E+00,5.877850E+00
GRID,804,,6.475200E+00,4.801147E+00,5.877850E+00
GRID,805,,6.726730E+00,4.494660E+00,5.877850E+00
GRID,806,,6.913633E+00,4.144988E+00,5.877850E+00
GRID,807,,7.100535E+00,3.795315E+00,5.877850E+00
GRID,808,,7.287438E+00,3.445642E+00,5.877850E+00
GRID,809,,7.474340E+00,3.095970E+00,5.877850E+00
GRID,810,,7.589435E+00,2.716555E+00,5.877850E+00
GRID,811,,7.704530E+00,2.337140E+00,5.877850E+00
GRID,812,,7.819625E+00,1.957725E+00,5.877850E+00
GRID,813,,7.934720E+00,1.578310E+00,5.877850E+00
GRID,814,,7.973583E+00,1.183733E+00,5.877850E+00
GRID,815,,8.012445E+00,7.891550E-01,5.877850E+00
GRID,816,,8.051308E+00,3.945775E-01,5.877850E+00
GRID,817,,8.090170E+00,0.000000E+00,5.877850E+00
GRID,818,,5.865550E+00,5.865550E+00,5.543365E+00
GRID,819,,6.010490E+00,6.010490E+00,5.208880E+00
GRID,820,,6.155430E+00,6.155430E+00,4.874395E+00
GRID,821,,6.300370E+00,6.300370E+00,4.539910E+00
GRID,822,,6.406525E+00,6.406525E+00,4.177475E+00
GRID,823,,6.512680E+00,6.512680E+00,3.815040E+00
GRID,824,,6.618835E+00,6.618835E+00,3.452605E+00
GRID,825,,6.724990E+00,6.724990E+00,3.090170E+00
GRID,826,,6.789745E+00,6.789745E+00,2.708715E+00
GRID,827,,6.854500E+00,6.854500E+00,2.327260E+00
GRID,828,,6.919255E+00,6.919255E+00,1.945805E+00
GRID,829,,6.984010E+00,6.984010E+00,1.564350E+00
GRID,830,,7.005775E+00,7.005775E+00,1.173263E+00
GRID,831,,7.027540E+00,7.027540E+00,7.821750E-01
GRID,832,,7.049305E+00,7.049305E+00,3.910875E-01
GRID,833,,7.071070E+00,7.071070E+00,0.000000E+00
GRID,834,,6.123452E+00,5.551297E+00,5.543365E+00
GRID,835,,6.381355E+00,5.237044E+00,5.543365E+00
GRID,836,,6.639258E+00,4.922791E+00,5.543365E+00
GRID,837,,6.897160E+00,4.608537E+00,5.543365E+00
GRID,838,,7.088798E+00,4.250006E+00,5.543365E+00
GRID,839,,7.280436E+00,3.891474E+00,5.543365E+00
GRID,840,,7.472074E+00,3.532942E+00,5.543365E+00
GRID,841,,7.663712E+00,3.174410E+00,5.543365E+00
GRID,842,,7.781723E+00,2.785382E+00,5.543365E+00
GRID,843,,7.899734E+00,2.396355E+00,5.543365E+00
GRID,844,,8.017744E+00,2.007328E+00,5.543365E+00
GRID,845,,8.135755E+00,1.618300E+00,5.543365E+00
GRID,846,,8.175603E+00,1.213725E+00,5.543365E+00
GRID,847,,8.215450E+00,8.091500E-01,5.543365E+00
GRID,848,,8.255297E+00,4.045750E-01,5.543365E+00
GRID,849,,8.295145E+00,0.000000E+00,5.543365E+00
GRID,850,,6.274765E+00,5.688471E+00,5.208880E+00
GRID,851,,6.426077E+00,5.825646E+00,4.874395E+00
GRID,852,,6.577390E+00,5.962820E+00,4.539910E+00
GRID,853,,6.688212E+00,6.063288E+00,4.177475E+00
GRID,854,,6.799035E+00,6.163755E+00,3.815040E+00
GRID,855,,6.909858E+00,6.264222E+00,3.452605E+00
GRID,856,,7.020680E+00,6.364690E+00,3.090170E+00
GRID,857,,7.088283E+00,6.425976E+00,2.708715E+00
GRID,858,,7.155885E+00,6.487261E+00,2.327260E+00
GRID,859,,7.223488E+00,6.548547E+00,1.945805E+00
GRID,860,,7.291090E+00,6.609833E+00,1.564350E+00
GRID,861,,7.313812E+00,6.630431E+00,1.173263E+00
GRID,862,,7.336534E+00,6.651030E+00,7.821750E-01
GRID,863,,7.359256E+00,6.671629E+00,3.910875E-01
GRID,864,,7.381977E+00,6.692228E+00,0.000000E+00
GRID,865,,6.539040E+00,5.366453E+00,5.208880E+00
GRID,866,,6.803315E+00,5.044434E+00,5.208880E+00
GRID,867,,7.067590E+00,4.722415E+00,5.208880E+00
GRID,868,,7.263964E+00,4.355024E+00,5.208880E+00
GRID,869,,7.460337E+00,3.987633E+00,5.208880E+00
GRID,870,,7.656711E+00,3.620241E+00,5.208880E+00
GRID,871,,7.853085E+00,3.252850E+00,5.208880E+00
GRID,872,,7.974011E+00,2.854210E+00,5.208880E+00
GRID,873,,8.094938E+00,2.455570E+00,5.208880E+00
GRID,874,,8.215864E+00,2.056930E+00,5.208880E+00
GRID,875,,8.336790E+00,1.658290E+00,5.208880E+00
GRID,876,,8.377622E+00,1.243718E+00,5.208880E+00
GRID,877,,8.418455E+00,8.291450E-01,5.208880E+00
GRID,878,,8.459288E+00,4.145725E-01,5.208880E+00
GRID,879,,8.500120E+00,0.000000E+00,5.208880E+00
GRID,880,,6.696725E+00,5.495861E+00,4.874395E+00
GRID,881,,6.854410E+00,5.625270E+00,4.539910E+00
GRID,882,,6.969900E+00,5.720050E+00,4.177475E+00
GRID,883,,7.085390E+00,5.814830E+00,3.815040E+00
GRID,884,,7.200880E+00,5.909610E+00,3.452605E+00
GRID,885,,7.316370E+00,6.004390E+00,3.090170E+00
GRID,886,,7.386820E+00,6.062206E+00,2.708715E+00
GRID,887,,7.457270E+00,6.120023E+00,2.327260E+00
GRID,888,,7.527720E+00,6.177839E+00,1.945805E+00
GRID,889,,7.598170E+00,6.235655E+00,1.564350E+00
GRID,890,,7.621849E+00,6.255088E+00,1.173263E+00
GRID,891,,7.645528E+00,6.274520E+00,7.821750E-01
GRID,892,,7.669206E+00,6.293952E+00,3.910875E-01
GRID,893,,7.692885E+00,6.313385E+00,0.000000E+00
GRID,894,,6.967372E+00,5.166077E+00,4.874395E+00
GRID,895,,7.238020E+00,4.836292E+00,4.874395E+00
GRID,896,,7.439129E+00,4.460042E+00,4.874395E+00
GRID,897,,7.640239E+00,4.083791E+00,4.874395E+00
GRID,898,,7.841348E+00,3.707541E+00,4.874395E+00
GRID,899,,8.042457E+00,3.331290E+00,4.874395E+00
GRID,900,,8.166299E+00,2.923037E+00,4.874395E+00
GRID,901,,8.290141E+00,2.514785E+00,4.874395E+00
GRID,902,,8.413983E+00,2.106533E+00,4.874395E+00
GRID,903,,8.537825E+00,1.698280E+00,4.874395E+00
GRID,904,,8.579643E+00,1.273710E+00,4.874395E+00
GRID,905,,8.621460E+00,8.491400E-01,4.874395E+00
GRID,906,,8.663277E+00,4.245700E-01,4.874395E+00
GRID,907,,8.705095E+00,0.000000E+00,4.874395E+00
GRID,908,,7.131430E+00,5.287720E+00,4.539910E+00
GRID,909,,7.251588E+00,5.376812E+00,4.177475E+00
GRID,910,,7.371745E+00,5.465905E+00,3.815040E+00
GRID,911,,7.491903E+00,5.554997E+00,3.452605E+00
GRID,912,,7.612060E+00,5.644090E+00,3.090170E+00
GRID,913,,7.685358E+00,5.698437E+00,2.708715E+00
GRID,914,,7.758655E+00,5.752784E+00,2.327260E+00
GRID,915,,7.831952E+00,5.807131E+00,1.945805E+00
GRID,916,,7.905250E+00,5.861478E+00,1.564350E+00
GRID,917,,7.929886E+00,5.879744E+00,1.173263E+00
GRID,918,,7.954521E+00,5.898010E+00,7.821750E-01
GRID,919,,7.979157E+00,5.916276E+00,3.910875E-01
GRID,920,,8.003792E+00,5.934543E+00,0.000000E+00
GRID,921,,7.408450E+00,4.950170E+00,4.539910E+00
GRID,922,,7.614295E+00,4.565060E+00,4.539910E+00
GRID,923,,7.820140E+00,4.179950E+00,4.539910E+00
GRID,924,,8.025985E+00,3.794840E+00,4.539910E+00
GRID,925,,8.231830E+00,3.409730E+00,4.539910E+00
GRID,926,,8.358588E+00,2.991865E+00,4.539910E+00
GRID,927,,8.485345E+00,2.574000E+00,4.539910E+00
GRID,928,,8.612103E+00,2.156135E+00,4.539910E+00
GRID,929,,8.738860E+00,1.738270E+00,4.539910E+00
GRID,930,,8.781662E+00,1.303702E+00,4.539910E+00
GRID,931,,8.824465E+00,8.691350E-01,4.539910E+00
GRID,932,,8.867268E+00,4.345675E-01,4.539910E+00
GRID,933,,8.910070E+00,0.000000E+00,4.539910E+00
GRID,934,,7.533275E+00,5.033575E+00,4.177475E+00
GRID,935,,7.658100E+00,5.116980E+00,3.815040E+00
GRID,936,,7.782925E+00,5.200385E+00,3.452605E+00
GRID,937,,7.907750E+00,5.283790E+00,3.090170E+00
GRID,938,,7.983895E+00,5.334668E+00,2.708715E+00
GRID,939,,8.060040E+00,5.385545E+00,2.327260E+00
GRID,940,,8.136185E+00,5.436422E+00,1.945805E+00
GRID,941,,8.212330E+00,5.487300E+00,1.564350E+00
GRID,942,,8.237922E+00,5.504400E+00,1.173263E+00
GRID,943,,8.263515E+00,5.521500E+00,7.821750E-01
GRID,944,,8.289108E+00,5.538600E+00,3.910875E-01
GRID,945,,8.314700E+00,5.555700E+00,0.000000E+00
GRID,946,,7.742588E+00,4.641977E+00,4.177475E+00
GRID,947,,7.951901E+00,4.250379E+00,4.177475E+00
GRID,948,,8.161214E+00,3.858781E+00,4.177475E+00
GRID,949,,8.370527E+00,3.467182E+00,4.177475E+00
GRID,950,,8.499421E+00,3.042276E+00,4.177475E+00
GRID,951,,8.628314E+00,2.617370E+00,4.177475E+00
GRID,952,,8.757207E+00,2.192464E+00,4.177475E+00
GRID,953,,8.886100E+00,1.767557E+00,4.177475E+00
GRID,954,,8.929623E+00,1.325668E+00,4.177475E+00
GRID,955,,8.973146E+00,8.837787E-01,4.177475E+00
GRID,956,,9.016669E+00,4.418894E-01,4.177475E+00
GRID,957,,9.060192E+00,0.000000E+00,4.177475E+00
GRID,958,,7.870881E+00,4.718894E+00,3.815040E+00
GRID,959,,7.999174E+00,4.795811E+00,3.452605E+00
GRID,960,,8.127467E+00,4.872727E+00,3.090170E+00
GRID,961,,8.205728E+00,4.919647E+00,2.708715E+00
GRID,962,,8.283989E+00,4.966566E+00,2.327260E+00
GRID,963,,8.362249E+00,5.013486E+00,1.945805E+00
GRID,964,,8.440510E+00,5.060405E+00,1.564350E+00
GRID,965,,8.466814E+00,5.076174E+00,1.173263E+00
GRID,966,,8.493118E+00,5.091944E+00,7.821750E-01
GRID,967,,8.519421E+00,5.107713E+00,3.910875E-01
GRID,968,,8.545725E+00,5.123482E+00,0.000000E+00
GRID,969,,8.083663E+00,4.320807E+00,3.815040E+00
GRID,970,,8.296444E+00,3.922721E+00,3.815040E+00
GRID,971,,8.509225E+00,3.524635E+00,3.815040E+00
GRID,972,,8.640254E+00,3.092687E+00,3.815040E+00
GRID,973,,8.771282E+00,2.660740E+00,3.815040E+00
GRID,974,,8.902311E+00,2.228792E+00,3.815040E+00
GRID,975,,9.033340E+00,1.796845E+00,3.815040E+00
GRID,976,,9.077584E+00,1.347634E+00,3.815040E+00
GRID,977,,9.121828E+00,8.984225E-01,3.815040E+00
GRID,978,,9.166071E+00,4.492113E-01,3.815040E+00
GRID,979,,9.210315E+00,0.000000E+00,3.815040E+00
GRID,980,,8.215424E+00,4.391236E+00,3.452605E+00
GRID,981,,8.347185E+00,4.461665E+00,3.090170E+00
GRID,982,,8.427561E+00,4.504626E+00,2.708715E+00
GRID,983,,8.507938E+00,4.547587E+00,2.327260E+00
GRID,984,,8.588314E+00,4.590549E+00,1.945805E+00
GRID,985,,8.668690E+00,4.633510E+00,1.564350E+00
GRID,986,,8.695705E+00,4.647949E+00,1.173263E+00
GRID,987,,8.722720E+00,4.662388E+00,7.821750E-01
GRID,988,,8.749735E+00,4.676826E+00,3.910875E-01
GRID,989,,8.776750E+00,4.691265E+00,0.000000E+00
GRID,990,,8.431673E+00,3.986662E+00,3.452605E+00
GRID,991,,8.647922E+00,3.582088E+00,3.452605E+00
GRID,992,,8.781087E+00,3.143099E+00,3.452605E+00
GRID,993,,8.914251E+00,2.704110E+00,3.452605E+00
GRID,994,,9.047416E+00,2.265121E+00,3.452605E+00
GRID,995,,9.180580E+00,1.826132E+00,3.452605E+00
GRID,996,,9.225544E+00,1.369599E+00,3.452605E+00
GRID,997,,9.270509E+00,9.130662E-01,3.452605E+00
GRID,998,,9.315473E+00,4.565331E-01,3.452605E+00
GRID,999,,9.360437E+00,0.000000E+00,3.452605E+00
GRID,1000,,8.566902E+00,4.050603E+00,3.090170E+00
GRID,1001,,8.649394E+00,4.089606E+00,2.708715E+00
GRID,1002,,8.731886E+00,4.128609E+00,2.327260E+00
GRID,1003,,8.814378E+00,4.167612E+00,1.945805E+00
GRID,1004,,8.896870E+00,4.206615E+00,1.564350E+00
GRID,1005,,8.924596E+00,4.219723E+00,1.173263E+00
GRID,1006,,8.952322E+00,4.232831E+00,7.821750E-01
GRID,1007,,8.980049E+00,4.245939E+00,3.910875E-01
GRID,1008,,9.007775E+00,4.259048E+00,0.000000E+00
GRID,1009,,8.786620E+00,3.639540E+00,3.090170E+00
GRID,1010,,8.921920E+00,3.193510E+00,3.090170E+00
GRID,1011,,9.057220E+00,2.747480E+00,3.090170E+00
GRID,1012,,9.192520E+00,2.301450E+00,3.090170E+00
GRID,1013,,9.327820E+00,1.855420E+00,3.090170E+00
GRID,1014,,9.373505E+00,1.391565E+00,3.090170E+00
GRID,1015,,9.419190E+00,9.277100E-01,3.090170E+00
GRID,1016,,9.464875E+00,4.638550E-01,3.090170E+00
GRID,1017,,9.510560E+00,0.000000E+00,3.090170E+00
GRID,1018,,8.871227E+00,3.674585E+00,2.708715E+00
GRID,1019,,8.955835E+00,3.709630E+00,2.327260E+00
GRID,1020,,9.040442E+00,3.744675E+00,1.945805E+00
GRID,1021,,9.125050E+00,3.779720E+00,1.564350E+00
GRID,1022,,9.153488E+00,3.791498E+00,1.173263E+00
GRID,1023,,9.181925E+00,3.803275E+00,7.821750E-01
GRID,1024,,9.210363E+00,3.815053E+00,3.910875E-01
GRID,1025,,9.238800E+00,3.826830E+00,0.000000E+00
GRID,1026,,9.007831E+00,3.224261E+00,2.708715E+00
GRID,1027,,9.144434E+00,2.773936E+00,2.708715E+00
GRID,1028,,9.281037E+00,2.323612E+00,2.708715E+00
GRID,1029,,9.417640E+00,1.873287E+00,2.708715E+00
GRID,1030,,9.463765E+00,1.404966E+00,2.708715E+00
GRID,1031,,9.509890E+00,9.366437E-01,2.708715E+00
GRID,1032,,9.556015E+00,4.683219E-01,2.708715E+00
GRID,1033,,9.602140E+00,0.000000E+00,2.708715E+00
GRID,1034,,9.093741E+00,3.255011E+00,2.327260E+00
GRID,1035,,9.179652E+00,3.285762E+00,1.945805E+00
GRID,1036,,9.265562E+00,3.316512E+00,1.564350E+00
GRID,1037,,9.294438E+00,3.326846E+00,1.173263E+00
GRID,1038,,9.323313E+00,3.337180E+00,7.821750E-01
GRID,1039,,9.352187E+00,3.347514E+00,3.910875E-01
GRID,1040,,9.381063E+00,3.357848E+00,0.000000E+00
GRID,1041,,9.231647E+00,2.800393E+00,2.327260E+00
GRID,1042,,9.369554E+00,2.345774E+00,2.327260E+00
GRID,1043,,9.507460E+00,1.891155E+00,2.327260E+00
GRID,1044,,9.554025E+00,1.418366E+00,2.327260E+00
GRID,1045,,9.600590E+00,9.455775E-01,2.327260E+00
GRID,1046,,9.647155E+00,4.727887E-01,2.327260E+00
GRID,1047,,9.693720E+00,0.000000E+00,2.327260E+00
GRID,1048,,9.318861E+00,2.826849E+00,1.945805E+00
GRID,1049,,9.406075E+00,2.853305E+00,1.564350E+00
GRID,1050,,9.435387E+00,2.862195E+00,1.173263E+00
GRID,1051,,9.464700E+00,2.871085E+00,7.821750E-01
GRID,1052,,9.494013E+00,2.879975E+00,3.910875E-01
GRID,1053,,9.523325E+00,2.888865E+00,0.000000E+00
GRID,1054,,9.458071E+00,2.367936E+00,1.945805E+00
GRID,1055,,9.597280E+00,1.909023E+00,1.945805E+00
GRID,1056,,9.644285E+00,1.431767E+00,1.945805E+00
GRID,1057,,9.691290E+00,9.545113E-01,1.945805E+00
GRID,1058,,9.738295E+00,4.772556E-01,1.945805E+00
GRID,1059,,9.785300E+00,0.000000E+00,1.945805E+00
GRID,1060,,9.546587E+00,2.390097E+00,1.564350E+00
GRID,1061,,9.576337E+00,2.397544E+00,1.173263E+00
GRID,1062,,9.606087E+00,2.404990E+00,7.821750E-01
GRID,1063,,9.635837E+00,2.412436E+00,3.910875E-01
GRID,1064,,9.665588E+00,2.419882E+00,0.000000E+00
GRID,1065,,9.687100E+00,1.926890E+00,1.564350E+00
GRID,1066,,9.734545E+00,1.445167E+00,1.564350E+00
GRID,1067,,9.781990E+00,9.634450E-01,1.564350E+00
GRID,1068,,9.829435E+00,4.817225E-01,1.564350E+00
GRID,1069,,9.876880E+00,0.000000E+00,1.564350E+00
GRID,1070,,9.717287E+00,1.932892E+00,1.173263E+00
GRID,1071,,9.747475E+00,1.938895E+00,7.821750E-01
GRID,1072,,9.777662E+00,1.944897E+00,3.910875E-01
GRID,1073,,9.807850E+00,1.950900E+00,0.000000E+00
GRID,1074,,9.764881E+00,1.449669E+00,1.173263E+00
GRID,1075,,9.812474E+00,9.664462E-01,1.173263E+00
GRID,1076,,9.860067E+00,4.832231E-01,1.173263E+00
GRID,1077,,9.907660E+00,0.000000E+00,1.173263E+00
GRID,1078,,9.795216E+00,1.454171E+00,7.821750E-01
GRID,1079,,9.825552E+00,1.458673E+00,3.910875E-01
GRID,1080,,9.855887E+00,1.463175E+00,0.000000E+00
GRID,1081,,9.842958E+00,9.694475E-01,7.821750E-01
GRID,1082,,9.890699E+00,4.847238E-01,7.821750E-01
GRID,1083,,9.938440E+00,0.000000E+00,7.821750E-01
GRID,1084,,9.873441E+00,9.724487E-01,3.910875E-01
GRID,1085,,9.903925E+00,9.754500E-01,0.000000E+00
GRID,1086,,9.921331E+00,4.862244E-01,3.910875E-01
GRID,1087,,9.969220E+00,0.000000E+00,3.910875E-01
GRID,1088,,9.951963E+00,4.877250E-01,0.000000E+00
GRID,1089,,1.000000E+01,0.000000E+00,0.000000E+00
$
CQUAD4,1,1,1089,1088,1086,1087
CQUAD4,2,1,1069,1068,1058,1059
CQUAD4,3,1,1017,1016,998,999
CQUAD4,4,1,933,932,906,907
CQUAD4,5,1,817,816,782,783
CQUAD4,6,1,669,668,626,627
CQUAD4,7,1,489,488,438,439
CQUAD4,8,1,277,276,218,219
CQUAD4,9,1,1073,1064,1063,1072
CQUAD4,10,1,1065,1060,1054,1055
CQUAD4,11,1,1013,1012,994,995
CQUAD4,12,1,929,928,902,903
CQUAD4,13,1,813,812,778,779
CQUAD4,14,1,665,664,622,623
CQUAD4,15,1,485,484,434,435
CQUAD4,16,1,273,272,214,215
CQUAD4,17,1,1025,1008,1007,1024
CQUAD4,18,1,1021,1004,1003,1020
CQUAD4,19,1,1009,1000,990,991
CQUAD4,20,1,925,924,898,899
CQUAD4,21,1,809,808,774,775
CQUAD4,22,1,661,660,618,619
CQUAD4,23,1,481,480,430,431
CQUAD4,24,1,269,268,210,211
CQUAD4,25,1,945,920,919,944
CQUAD4,26,1,941,916,915,940
CQUAD4,27,1,937,912,911,936
CQUAD4,28,1,921,908,894,895
CQUAD4,29,1,805,804,770,771
CQUAD4,30,1,657,656,614,615
CQUAD4,31,1,477,476,426,427
CQUAD4,32,1,265,264,206,207
CQUAD4,33,1,833,800,799,832
CQUAD4,34,1,829,796,795,828
CQUAD4,35,1,825,792,791,824
CQUAD4,36,1,821,788,787,820
CQUAD4,37,1,801,784,766,767
CQUAD4,38,1,653,652,610,611
CQUAD4,39,1,473,472,422,423
CQUAD4,40,1,261,260,202,203
CQUAD4,41,1,689,648,647,688
CQUAD4,42,1,685,644,643,684
CQUAD4,43,1,681,640,639,680
CQUAD4,44,1,677,636,635,676
CQUAD4,45,1,673,632,631,672
CQUAD4,46,1,649,628,606,607
CQUAD4,47,1,469,468,418,419
CQUAD4,48,1,257,256,198,199
CQUAD4,49,1,513,464,463,512
CQUAD4,50,1,509,460,459,508
CQUAD4,51,1,505,456,455,504
CQUAD4,52,1,501,452,451,500
CQUAD4,53,1,497,448,447,496
CQUAD4,54,1,493,444,443,492
CQUAD4,55,1,465,440,414,415
CQUAD4,56,1,253,252,194,195
CQUAD4,57,1,305,248,247,304
CQUAD4,58,1,301,244,243,300
CQUAD4,59,1,297,240,239,296
CQUAD4,60,1,293,236,235,292
CQUAD4,61,1,289,232,231,288
CQUAD4,62,1,285,228,227,284
CQUAD4,63,1,281,224,223,280
CQUAD4,64,1,249,220,190,191
CQUAD4,65,1,1088,1085,1084,1086
CQUAD4,66,1,1085,1080,1079,1084
CQUAD4,67,1,1080,1073,1072,1079
CQUAD4,68,1,1087,1086,1082,1083
CQUAD4,69,1,1086,1084,1081,1082
CQUAD4,70,1,1084,1079,1078,1081
CQUAD4,71,1,1079,1072,1071,1078
CQUAD4,72,1,1083,1082,1076,1077
CQUAD4,73,1,1082,1081,1075,1076
CQUAD4,74,1,1081,1078,1074,1075
CQUAD4,75,1,1078,1071,1070,1074
CQUAD4,76,1,1077,1076,1068,1069
CQUAD4,77,1,1076,1075,1067,1068
CQUAD4,78,1,1075,1074,1066,1067
CQUAD4,79,1,1074,1070,1065,1066
CQUAD4,80,1,1068,1067,1057,1058
CQUAD4,81,1,1067,1066,1056,1057
CQUAD4,82,1,1066,1065,1055,1056
CQUAD4,83,1,1059,1058,1046,1047
CQUAD4,84,1,1058,1057,1045,1046
CQUAD4,85,1,1057,1056,1044,1045
CQUAD4,86,1,1056,1055,1043,1044
CQUAD4,87,1,1047,1046,1032,1033
CQUAD4,88,1,1046,1045,1031,1032
CQUAD4,89,1,1045,1044,1030,1031
CQUAD4,90,1,1044,1043,1029,1030
CQUAD4,91,1,1033,1032,1016,1017
CQUAD4,92,1,1032,1031,1015,1016
CQUAD4,93,1,1031,1030,1014,1015
CQUAD4,94,1,1030,1029,1013,1014
CQUAD4,95,1,1016,1015,997,998
CQUAD4,96,1,1015,1014,996,997
CQUAD4,97,1,1014,1013,995,996
CQUAD4,98,1,999,998,978,979
CQUAD4,99,1,998,997,977,978
CQUAD4,100,1,997,996,976,977
CQUAD4,101,1,996,995,975,976
CQUAD4,102,1,979,978,956,957
CQUAD4,103,1,978,977,955,956
CQUAD4,104,1,977,976,954,955
CQUAD4,105,1,976,975,953,954
CQUAD4,106,1,957,956,932,933
CQUAD4,107,1,956,955,931,932
CQUAD4,108,1,955,954,930,931
CQUAD4,109,1,954,953,929,930
CQUAD4,110,1,932,931,905,906
CQUAD4,111,1,931,930,904,905
CQUAD4,112,1,930,929,903,904
CQUAD4,113,1,907,906,878,879
CQUAD4,114,1,906,905,877,878
CQUAD4,115,1,905,904,876,877
CQUAD4,116,1,904,903,875,876
CQUAD4,117,1,879,878,848,849
CQUAD4,118,1,878,877,847,848
CQUAD4,119,1,877,876,846,847
CQUAD4,120,1,876,875,845,846
CQUAD4,121,1,849,848,816,817
CQUAD4,122,1,848,847,815,816
CQUAD4,123,1,847,846,814,815
CQUAD4,124,1,846,845,813,814
CQUAD4,125,1,816,815,781,782
CQUAD4,126,1,815,814,780,781
CQUAD4,127,1,814,813,779,780
CQUAD4,128,1,783,782,746,747
CQUAD4,129,1,782,781,745,746
CQUAD4,130,1,781,780,744,745
CQUAD4,131,1,780,779,743,744
CQUAD4,132,1,747,746,708,709
CQUAD4,133,1,746,745,707,708
CQUAD4,134,1,745,744,706,707
CQUAD4,135,1,744,743,705,706
CQUAD4,136,1,709,708,668,669
CQUAD4,137,1,708,707,667,668
CQUAD4,138,1,707,706,666,667
CQUAD4,139,1,706,705,665,666
CQUAD4,140,1,668,667,625,626
CQUAD4,141,1,667,666,624,625
CQUAD4,142,1,666,665,623,624
CQUAD4,143,1,627,626,582,583
CQUAD4,144,1,626,625,581,582
CQUAD4,145,1,625,624,580,581
CQUAD4,146,1,624,623,579,580
CQUAD4,147,1,583,582,536,537
CQUAD4,148,1,582,581,535,536
CQUAD4,149,1,581,580,534,535
CQUAD4,150,1,580,579,533,534
CQUAD4,151,1,537,536,488,489
CQUAD4,152,1,536,535,487,488
CQUAD4,153,1,535,534,486,487
CQUAD4,154,1,534,533,485,486
CQUAD4,155,1,488,487,437,438
CQUAD4,156,1,487,486,436,437
CQUAD4,157,1,486,485,435,436
CQUAD4,158,1,439,438,386,387
CQUAD4,159,1,438,437,385,386
CQUAD4,160,1,437,436,384,385
CQUAD4,161,1,436,435,383,384
CQUAD4,162,1,387,386,332,333
CQUAD4,163,1,386,385,331,332
CQUAD4,164,1,385,384,330,331
CQUAD4,165,1,384,383,329,330
CQUAD4,166,1,333,332,276,277
CQUAD4,167,1,332,331,275,276
CQUAD4,168,1,331,330,274,275
CQUAD4,169,1,330,329,273,274
CQUAD4,170,1,276,275,217,218
CQUAD4,171,1,275,274,216,217
CQUAD4,172,1,274,273,215,216
CQUAD4,173,1,219,218,158,159
CQUAD4,174,1,218,217,157,158
CQUAD4,175,1,217,216,156,157
CQUAD4,176,1,216,215,155,156
CQUAD4,177,1,159,158,96,97
CQUAD4,178,1,158,157,95,96
CQUAD4,179,1,157,156,94,95
CQUAD4,180,1,156,155,93,94
CQUAD4,181,1,97,96,32,33
CQUAD4,182,1,96,95,31,32
CQUAD4,183,1,95,94,30,31
CQUAD4,184,1,94,93,29,30
CQUAD4,185,1,1064,1053,1052,1063
CQUAD4,186,1,1053,1040,1039,1052
CQUAD4,187,1,1040,1025,1024,1039
CQUAD4,188,1,1072,1063,1062,1071
CQUAD4,189,1,1063,1052,1051,1062
CQUAD4,190,1,1052,1039,1038,1051
CQUAD4,191,1,1039,1024,1023,1038
CQUAD4,192,1,1071,1062,1061,1070
CQUAD4,193,1,1062,1051,1050,1061
CQUAD4,194,1,1051,1038,1037,1050
CQUAD4,195,1,1038,1023,1022,1037
CQUAD4,196,1,1070,1061,1060,1065
CQUAD4,197,1,1061,1050,1049,1060
CQUAD4,198,1,1050,1037,1036,1049
CQUAD4,199,1,1037,1022,1021,1036
CQUAD4,200,1,1060,1049,1048,1054
CQUAD4,201,1,1049,1036,1035,1048
CQUAD4,202,1,1036,1021,1020,1035
CQUAD4,203,1,1055,1054,1042,1043
CQUAD4,204,1,1054,1048,1041,1042
CQUAD4,205,1,1048,1035,1034,1041
CQUAD4,206,1,1035,1020,1019,1034
CQUAD4,207,1,1043,1042,1028,1029
CQUAD4,208,1,1042,1041,1027,1028
CQUAD4,209,1,1041,1034,1026,1027
CQUAD4,210,1,1034,1019,1018,1026
CQUAD4,211,1,1029,1028,1012,1013
CQUAD4,212,1,1028,1027,1011,1012
CQUAD4,213,1,1027,1026,1010,1011
CQUAD4,214,1,1026,1018,1009,1010
CQUAD4,215,1,1012,1011,993,994
CQUAD4,216,1,1011,1010,992,993
CQUAD4,217,1,1010,1009,991,992
CQUAD4,218,1,995,994,974,975
CQUAD4,219,1,994,993,973,974
CQUAD4,220,1,993,992,972,973
CQUAD4,221,1,992,991,971,972
CQUAD4,222,1,975,974,952,953
CQUAD4,223,1,974,973,951,952
CQUAD4,224,1,973,972,950,951
CQUAD4,225,1,972,971,949,950
CQUAD4,226,1,953,952,928,929
CQUAD4,227,1,952,951,927,928
CQUAD4,228,1,951,950,926,927
CQUAD4,229,1,950,949,925,926
CQUAD4,230,1,928,927,901,902
CQUAD4,231,1,927,926,900,901
CQUAD4,232,1,926,925,899,900
CQUAD4,233,1,903,902,874,875
CQUAD4,234,1,902,901,873,874
CQUAD4,235,1,901,900,872,873
CQUAD4,236,1,900,899,871,872
CQUAD4,237,1,875,874,844,845
CQUAD4,238,1,874,873,843,844
CQUAD4,239,1,873,872,842,843
CQUAD4,240,1,872,871,841,842
CQUAD4,241,1,845,844,812,813
CQUAD4,242,1,844,843,811,812
CQUAD4,243,1,843,842,810,811
CQUAD4,244,1,842,841,809,810
CQUAD4,245,1,812,811,777,778
CQUAD4,246,1,811,810,776,777
CQUAD4,247,1,810,809,775,776
CQUAD4,248,1,779,778,742,743
CQUAD4,249,1,778,777,741,742
CQUAD4,250,1,777,776,740,741
CQUAD4,251,1,776,775,739,740
CQUAD4,252,1,743,742,704,705
CQUAD4,253,1,742,741,703,704
CQUAD4,254,1,741,740,702,703
CQUAD4,255,1,740,739,701,702
CQUAD4,256,1,705,704,664,665
CQUAD4,257,1,704,703,663,664
CQUAD4,258,1,703,702,662,663
CQUAD4,259,1,702,701,661,662
CQUAD4,260,1,664,663,621,622
CQUAD4,261,1,663,662,620,621
CQUAD4,262,1,662,661,619,620
CQUAD4,263,1,623,622,578,579
CQUAD4,264,1,622,621,577,578
CQUAD4,265,1,621,620,576,577
CQUAD4,266,1,620,619,575,576
CQUAD4,267,1,579,578,532,533
CQUAD4,268,1,578,577,531,532
CQUAD4,269,1,577,576,530,531
CQUAD4,270,1,576,575,529,530
CQUAD4,271,1,533,532,484,485
CQUAD4,272,1,532,531,483,484
CQUAD4,273,1,531,530,482,483
CQUAD4,274,1,530,529,481,482
CQUAD4,275,1,484,483,433,434
CQUAD4,276,1,483,482,432,433
CQUAD4,277,1,482,481,431,432
CQUAD4,278,1,435,434,382,383
CQUAD4,279,1,434,433,381,382
CQUAD4,280,1,433,432,380,381
CQUAD4,281,1,432,431,379,380
CQUAD4,282,1,383,382,328,329
CQUAD4,283,1,382,381,327,328
CQUAD4,284,1,381,380,326,327
CQUAD4,285,1,380,379,325,326
CQUAD4,286,1,329,328,272,273
CQUAD4,287,1,328,327,271,272
CQUAD4,288,1,327,326,270,271
CQUAD4,289,1,326,325,269,270
CQUAD4,290,1,272,271,213,214
CQUAD4,291,1,271,270,212,213
CQUAD4,292,1,270,269,211,212
CQUAD4,293,1,215,214,154,155
CQUAD4,294,1,214,213,153,154
CQUAD4,295,1,213,212,152,153
CQUAD4,296,1,212,211,151,152
CQUAD4,297,1,155,154,92,93
CQUAD4,298,1,154,153,91,92
CQUAD4,299,1,153,152,90,91
CQUAD4,300,1,152,151,89,90
CQUAD4,301,1,93,92,28,29
CQUAD4,302,1,92,91,27,28
CQUAD4,303,1,91,90,26,27
CQUAD4,304,1,90,89,25,26
CQUAD4,305,1,1008,989,988,1007
CQUAD4,306,1,989,968,967,988
CQUAD4,307,1,968,945,944,967
CQUAD4,308,1,1024,1007,1006,1023
CQUAD4,309,1,1007,988,987,1006
CQUAD4,310,1,988,967,966,987
CQUAD4,311,1,967,944,943,966
CQUAD4,312,1,1023,1006,1005,1022
CQUAD4,313,1,1006,987,986,1005
CQUAD4,314,1,987,966,965,986
CQUAD4,315,1,966,943,942,965
CQUAD4,316,1,1022,1005,1004,1021
CQUAD4,317,1,1005,986,985,1004
CQUAD4,318,1,986,965,964,985
CQUAD4,319,1,965,942,941,964
CQUAD4,320,1,1004,985,984,1003
CQUAD4,321,1,985,964,963,984
CQUAD4,322,1,964,941,940,963
CQUAD4,323,1,1020,1003,1002,1019
CQUAD4,324,1,1003,984,983,1002
CQUAD4,325,1,984,963,962,983
CQUAD4,326,1,963,940,939,962
CQUAD4,327,1,1019,1002,1001,1018
CQUAD4,328,1,1002,983,982,1001
CQUAD4,329,1,983,962,961,982
CQUAD4,330,1,962,939,938,961
CQUAD4,331,1,1018,1001,1000,1009
CQUAD4,332,1,1001,982,981,1000
CQUAD4,333,1,982,961,960,981
CQUAD4,334,1,961,938,937,960
CQUAD4,335,1,1000,981,980,990
CQUAD4,336,1,981,960,959,980
CQUAD4,337,1,960,937,936,959
CQUAD4,338,1,991,990,970,971
CQUAD4,339,1,990,980,969,970
CQUAD4,340,1,980,959,958,969
CQUAD4,341,1,959,936,935,958
CQUAD4,342,1,971,970,948,949
CQUAD4,343,1,970,969,947,948
CQUAD4,344,1,969,958,946,947
CQUAD4,345,1,958,935,934,946
CQUAD4,346,1,949,948,924,925
CQUAD4,347,1,948,947,923,924
CQUAD4,348,1,947,946,922,923
CQUAD4,349,1,946,934,921,922
CQUAD4,350,1,924,923,897,898
CQUAD4,351,1,923,922,896,897
CQUAD4,352,1,922,921,895,896
CQUAD4,353,1,899,898,870,871
CQUAD4,354,1,898,897,869,870
CQUAD4,355,1,897,896,868,869
CQUAD4,356,1,896,895,867,868
CQUAD4,357,1,871,870,840,841
CQUAD4,358,1,870,869,839,840
CQUAD4,359,1,869,868,838,839
CQUAD4,360,1,868,867,837,838
CQUAD4,361,1,841,840,808,809
CQUAD4,362,1,840,839,807,808
CQUAD4,363,1,839,838,806,807
CQUAD4,364,1,838,837,805,806
CQUAD4,365,1,808,807,773,774
CQUAD4,366,1,807,806,772,773
CQUAD4,367,1,806,805,771,772
CQUAD4,368,1,775,774,738,739
CQUAD4,369,1,774,773,737,738
CQUAD4,370,1,773,772,736,737
CQUAD4,371,1,772,771,735,736
CQUAD4,372,1,739,738,700,701
CQUAD4,373,1,738,737,699,700
CQUAD4,374,1,737,736,698,699
CQUAD4,375,1,736,735,697,698
CQUAD4,376,1,701,700,660,661
CQUAD4,377,1,700,699,659,660
CQUAD4,378,1,699,698,658,659
CQUAD4,379,1,698,697,657,658
CQUAD4,380,1,660,659,617,618
CQUAD4,381,1,659,658,616,617
CQUAD4,382,1,658,657,615,616
CQUAD4,383,1,619,618,574,575
CQUAD4,384,1,618,617,573,574
CQUAD4,385,1,617,616,572,573
CQUAD4,386,1,616,615,571,572
CQUAD4,387,1,575,574,528,529
CQUAD4,388,1,574,573,527,528
CQUAD4,389,1,573,572,526,527
CQUAD4,390,1,572,571,525,526
CQUAD4,391,1,529,528,480,481
CQUAD4,392,1,528,527,479,480
CQUAD4,393,1,527,526,478,479
CQUAD4,394,1,526,525,477,478
CQUAD4,395,1,480,479,429,430
CQUAD4,396,1,479,478,428,429
CQUAD4,397,1,478,477,427,428
CQUAD4,398,1,431,430,378,379
CQUAD4,399,1,430,429,377,378
CQUAD4,400,1,429,428,376,377
CQUAD4,401,1,428,427,375,376
CQUAD4,402,1,379,378,324,325
CQUAD4,403,1,378,377,323,324
CQUAD4,404,1,377,376,322,323
CQUAD4,405,1,376,375,321,322
CQUAD4,406,1,325,324,268,269
CQUAD4,407,1,324,323,267,268
CQUAD4,408,1,323,322,266,267
CQUAD4,409,1,322,321,265,266
CQUAD4,410,1,268,267,209,210
CQUAD4,411,1,267,266,208,209
CQUAD4,412,1,266,265,207,208
CQUAD4,413,1,211,210,150,151
CQUAD4,414,1,210,209,149,150
CQUAD4,415,1,209,208,148,149
CQUAD4,416,1,208,207,147,148
CQUAD4,417,1,151,150,88,89
CQUAD4,418,1,150,149,87,88
CQUAD4,419,1,149,148,86,87
CQUAD4,420,1,148,147,85,86
CQUAD4,421,1,89,88,24,25
CQUAD4,422,1,88,87,23,24
CQUAD4,423,1,87,86,22,23
CQUAD4,424,1,86,85,21,22
CQUAD4,425,1,920,893,892,919
CQUAD4,426,1,893,864,863,892
CQUAD4,427,1,864,833,832,863
CQUAD4,428,1,944,919,918,943
CQUAD4,429,1,919,892,891,918
CQUAD4,430,1,892,863,862,891
CQUAD4,431,1,863,832,831,862
CQUAD4,432,1,943,918,917,942
CQUAD4,433,1,918,891,890,917
CQUAD4,434,1,891,862,861,890
CQUAD4,435,1,862,831,830,861
CQUAD4,436,1,942,917,916,941
CQUAD4,437,1,917,890,889,916
CQUAD4,438,1,890,861,860,889
CQUAD4,439,1,861,830,829,860
CQUAD4,440,1,916,889,888,915
CQUAD4,441,1,889,860,859,888
CQUAD4,442,1,860,829,828,859
CQUAD4,443,1,940,915,914,939
CQUAD4,444,1,915,888,887,914
CQUAD4,445,1,888,859,858,887
CQUAD4,446,1,859,828,827,858
CQUAD4,447,1,939,914,913,938
CQUAD4,448,1,914,887,886,913
CQUAD4,449,1,887,858,857,886
CQUAD4,450,1,858,827,826,857
CQUAD4,451,1,938,913,912,937
CQUAD4,452,1,913,886,885,912
CQUAD4,453,1,886,857,856,885
CQUAD4,454,1,857,826,825,856
CQUAD4,455,1,912,885,884,911
CQUAD4,456,1,885,856,855,884
CQUAD4,457,1,856,825,824,855
CQUAD4,458,1,936,911,910,935
CQUAD4,459,1,911,884,883,910
CQUAD4,460,1,884,855,854,883
CQUAD4,461,1,855,824,823,854
CQUAD4,462,1,935,910,909,934
CQUAD4,463,1,910,883,882,909
CQUAD4,464,1,883,854,853,882
CQUAD4,465,1,854,823,822,853
CQUAD4,466,1,934,909,908,921
CQUAD4,467,1,909,882,881,908
CQUAD4,468,1,882,853,852,881
CQUAD4,469,1,853,822,821,852
CQUAD4,470,1,908,881,880,894
CQUAD4,471,1,881,852,851,880
CQUAD4,472,1,852,821,820,851
CQUAD4,473,1,895,894,866,867
CQUAD4,474,1,894,880,865,866
CQUAD4,475,1,880,851,850,865
CQUAD4,476,1,851,820,819,850
CQUAD4,477,1,867,866,836,837
CQUAD4,478,1,866,865,835,836
CQUAD4,479,1,865,850,834,835
CQUAD4,480,1,850,819,818,834
CQUAD4,481,1,837,836,804,805
CQUAD4,482,1,836,835,803,804
CQUAD4,483,1,835,834,802,803
CQUAD4,484,1,834,818,801,802
CQUAD4,485,1,804,803,769,770
CQUAD4,486,1,803,802,768,769
CQUAD4,487,1,802,801,767,768
CQUAD4,488,1,771,770,734,735
CQUAD4,489,1,770,769,733,734
CQUAD4,490,1,769,768,732,733
CQUAD4,491,1,768,767,731,732
CQUAD4,492,1,735,734,696,697
CQUAD4,493,1,734,733,695,696
CQUAD4,494,1,733,732,694,695
CQUAD4,495,1,732,731,693,694
CQUAD4,496,1,697,696,656,657
CQUAD4,497,1,696,695,655,656
CQUAD4,498,1,695,694,654,655
CQUAD4,499,1,694,693,653,654
CQUAD4,500,1,656,655,613,614
CQUAD4,501,1,655,654,612,613
CQUAD4,502,1,654,653,611,612
CQUAD4,503,1,615,614,570,571
CQUAD4,504,1,614,613,569,570
CQUAD4,505,1,613,612,568,569
CQUAD4,506,1,612,611,567,568
CQUAD4,507,1,571,570,524,525
CQUAD4,508,1,570,569,523,524
CQUAD4,509,1,569,568,522,523
CQUAD4,510,1,568,567,521,522
CQUAD4,511,1,525,524,476,477
CQUAD4,512,1,524,523,475,476
CQUAD4,513,1,523,522,474,475
CQUAD4,514,1,522,521,473,474
CQUAD4,515,1,476,475,425,426
CQUAD4,516,1,475,474,424,425
CQUAD4,517,1,474,473,423,424
CQUAD4,518,1,427,426,374,375
CQUAD4,519,1,426,425,373,374
CQUAD4,520,1,425,424,372,373
CQUAD4,521,1,424,423,371,372
CQUAD4,522,1,375,374,320,321
CQUAD4,523,1,374,373,319,320
CQUAD4,524,1,373,372,318,319
CQUAD4,525,1,372,371,317,318
CQUAD4,526,1,321,320,264,265
CQUAD4,527,1,320,319,263,264
CQUAD4,528,1,319,318,262,263
CQUAD4,529,1,318,317,261,262
CQUAD4,530,1,264,263,205,206
CQUAD4,531,1,263,262,204,205
CQUAD4,532,1,262,261,203,204
CQUAD4,533,1,207,206,146,147
CQUAD4,534,1,206,205,145,146
CQUAD4,535,1,205,204,144,145
CQUAD4,536,1,204,203,143,144
CQUAD4,537,1,147,146,84,85
CQUAD4,538,1,146,145,83,84
CQUAD4,539,1,145,144,82,83
CQUAD4,540,1,144,143,81,82
CQUAD4,541,1,85,84,20,21
CQUAD4,542,1,84,83,19,20
CQUAD4,543,1,83,82,18,19
CQUAD4,544,1,82,81,17,18
CQUAD4,545,1,800,765,764,799
CQUAD4,546,1,765,728,727,764
CQUAD4,547,1,728,689,688,727
CQUAD4,548,1,832,799,798,831
CQUAD4,549,1,799,764,763,798
CQUAD4,550,1,764,727,726,763
CQUAD4,551,1,727,688,687,726
CQUAD4,552,1,831,798,797,830
CQUAD4,553,1,798,763,762,797
CQUAD4,554,1,763,726,725,762
CQUAD4,555,1,726,687,686,725
CQUAD4,556,1,830,797,796,829
CQUAD4,557,1,797,762,761,796
CQUAD4,558,1,762,725,724,761
CQUAD4,559,1,725,686,685,724
CQUAD4,560,1,796,761,760,795
CQUAD4,561,1,761,724,723,760
CQUAD4,562,1,724,685,684,723
CQUAD4,563,1,828,795,794,827
CQUAD4,564,1,795,760,759,794
CQUAD4,565,1,760,723,722,759
CQUAD4,566,1,723,684,683,722
CQUAD4,567,1,827,794,793,826
CQUAD4,568,1,794,759,758,793
CQUAD4,569,1,759,722,721,758
CQUAD4,570,1,722,683,682,721
CQUAD4,571,1,826,793,792,825
CQUAD4,572,1,793,758,757,792
CQUAD4,573,1,758,721,720,757
CQUAD4,574,1,721,682,681,720
CQUAD4,575,1,792,757,756,791
CQUAD4,576,1,757,720,719,756
CQUAD4,577,1,720,681,680,719
CQUAD4,578,1,824,791,790,823
CQUAD4,579,1,791,756,755,790
CQUAD4,580,1,756,719,718,755
CQUAD4,581,1,719,680,679,718
CQUAD4,582,1,823,790,789,822
CQUAD4,583,1,790,755,754,789
CQUAD4,584,1,755,718,717,754
CQUAD4,585,1,718,679,678,717
CQUAD4,586,1,822,789,788,821
CQUAD4,587,1,789,754,753,788
CQUAD4,588,1,754,717,716,753
CQUAD4,589,1,717,678,677,716
CQUAD4,590,1,788,753,752,787
CQUAD4,591,1,753,716,715,752
CQUAD4,592,1,716,677,676,715
CQUAD4,593,1,820,787,786,819
CQUAD4,594,1,787,752,751,786
CQUAD4,595,1,752,715,714,751
CQUAD4,596,1,715,676,675,714
CQUAD4,597,1,819,786,785,818
CQUAD4,598,1,786,751,750,785
CQUAD4,599,1,751,714,713,750
CQUAD4,600,1,714,675,674,713
CQUAD4,601,1,818,785,784,801
CQUAD4,602,1,785,750,749,784
CQUAD4,603,1,750,713,712,749
CQUAD4,604,1,713,674,673,712
CQUAD4,605,1,784,749,748,766
CQUAD4,606,1,749,712,711,748
CQUAD4,607,1,712,673,672,711
CQUAD4,608,1,767,766,730,731
CQUAD4,609,1,766,748,729,730
CQUAD4,610,1,748,711,710,729
CQUAD4,611,1,711,672,671,710
CQUAD4,612,1,731,730,692,693
CQUAD4,613,1,730,729,691,692
CQUAD4,614,1,729,710,690,691
CQUAD4,615,1,710,671,670,690
CQUAD4,616,1,693,692,652,653
CQUAD4,617,1,692,691,651,652
CQUAD4,618,1,691,690,650,651
CQUAD4,619,1,690,670,649,650
CQUAD4,620,1,652,651,609,610
CQUAD4,621,1,651,650,608,609
CQUAD4,622,1,650,649,607,608
CQUAD4,623,1,611,610,566,567
CQUAD4,624,1,610,609,565,566
CQUAD4,625,1,609,608,564,565
CQUAD4,626,1,608,607,563,564
CQUAD4,627,1,567,566,520,521
CQUAD4,628,1,566,565,519,520
CQUAD4,629,1,565,564,518,519
CQUAD4,630,1,564,563,517,518
CQUAD4,631,1,521,520,472,473
CQUAD4,632,1,520,519,471,472
CQUAD4,633,1,519,518,470,471
CQUAD4,634,1,518,517,469,470
CQUAD4,635,1,472,471,421,422
CQUAD4,636,1,471,470,420,421
CQUAD4,637,1,470,469,419,420
CQUAD4,638,1,423,422,370,371
CQUAD4,639,1,422,421,369,370
CQUAD4,640,1,421,420,368,369
CQUAD4,641,1,420,419,367,368
CQUAD4,642,1,371,370,316,317
CQUAD4,643,1,370,369,315,316
CQUAD4,644,1,369,368,314,315
CQUAD4,645,1,368,367,313,314
CQUAD4,646,1,317,316,260,261
CQUAD4,647,1,316,315,259,260
CQUAD4,648,1,315,314,258,259
CQUAD4,649,1,314,313,257,258
CQUAD4,650,1,260,259,201,202
CQUAD4,651,1,259,258,200,201
CQUAD4,652,1,258,257,199,200
CQUAD4,653,1,203,202,142,143
CQUAD4,654,1,202,201,141,142
CQUAD4,655,1,201,200,140,141
CQUAD4,656,1,200,199,139,140
CQUAD4,657,1,143,142,80,81
CQUAD4,658,1,142,141,79,80
CQUAD4,659,1,141,140,78,79
CQUAD4,660,1,140,139,77,78
CQUAD4,661,1,81,80,16,17
CQUAD4,662,1,80,79,15,16
CQUAD4,663,1,79,78,14,15
CQUAD4,664,1,78,77,13,14
CQUAD4,665,1,648,605,604,647
CQUAD4,666,1,605,560,559,604
CQUAD4,667,1,560,513,512,559
CQUAD4,668,1,688,647,646,687
CQUAD4,669,1,647,604,603,646
CQUAD4,670,1,604,559,558,603
CQUAD4,671,1,559,512,511,558
CQUAD4,672,1,687,646,645,686
CQUAD4,673,1,646,603,602,645
CQUAD4,674,1,603,558,557,602
CQUAD4,675,1,558,511,510,557
CQUAD4,676,1,686,645,644,685
CQUAD4,677,1,645,602,601,644
CQUAD4,678,1,602,557,556,601
CQUAD4,679,1,557,510,509,556
CQUAD4,680,1,644,601,600,643
CQUAD4,681,1,601,556,555,600
CQUAD4,682,1,556,509,508,555
CQUAD4,683,1,684,643,642,683
CQUAD4,684,1,643,600,599,642
CQUAD4,685,1,600,555,554,599
CQUAD4,686,1,555,508,507,554
CQUAD4,687,1,683,642,641,682
CQUAD4,688,1,642,599,598,641
CQUAD4,689,1,599,554,553,598
CQUAD4,690,1,554,507,506,553
CQUAD4,691,1,682,641,640,681
CQUAD4,692,1,641,598,597,640
CQUAD4,693,1,598,553,552,597
CQUAD4,694,1,553,506,505,552
CQUAD4,695,1,640,597,596,639
CQUAD4,696,1,597,552,551,596
CQUAD4,697,1,552,505,504,551
CQUAD4,698,1,680,639,638,679
CQUAD4,699,1,639,596,595,638
CQUAD4,700,1,596,551,550,595
CQUAD4,701,1,551,504,503,550
CQUAD4,702,1,679,638,637,678
CQUAD4,703,1,638,595,594,637
CQUAD4,704,1,595,550,549,594
CQUAD4,705,1,550,503,502,549
CQUAD4,706,1,678,637,636,677
CQUAD4,707,1,637,594,593,636
CQUAD4,708,1,594,549,548,593
CQUAD4,709,1,549,502,501,548
CQUAD4,710,1,636,593,592,635
CQUAD4,711,1,593,548,547,592
CQUAD4,712,1,548,501,500,547
CQUAD4,713,1,676,635,634,675
CQUAD4,714,1,635,592,591,634
CQUAD4,715,1,592,547,546,591
CQUAD4,716,1,547,500,499,546
CQUAD4,717,1,675,634,633,674
CQUAD4,718,1,634,591,590,633
CQUAD4,719,1,591,546,545,590
CQUAD4,720,1,546,499,498,545
CQUAD4,721,1,674,633,632,673
CQUAD4,722,1,633,590,589,632
CQUAD4,723,1,590,545,544,589
CQUAD4,724,1,545,498,497,544
CQUAD4,725,1,632,589,588,631
CQUAD4,726,1,589,544,543,588
CQUAD4,727,1,544,497,496,543
CQUAD4,728,1,672,631,630,671
CQUAD4,729,1,631,588,587,630
CQUAD4,730,1,588,543,542,587
CQUAD4,731,1,543,496,495,542
CQUAD4,732,1,671,630,629,670
CQUAD4,733,1,630,587,586,629
CQUAD4,734,1,587,542,541,586
CQUAD4,735,1,542,495,494,541
CQUAD4,736,1,670,629,628,649
CQUAD4,737,1,629,586,585,628
CQUAD4,738,1,586,541,540,585
CQUAD4,739,1,541,494,493,540
CQUAD4,740,1,628,585,584,606
CQUAD4,741,1,585,540,539,584
CQUAD4,742,1,540,493,492,539
CQUAD4,743,1,607,606,562,563
CQUAD4,744,1,606,584,561,562
CQUAD4,745,1,584,539,538,561
CQUAD4,746,1,539,492,491,538
CQUAD4,747,1,563,562,516,517
CQUAD4,748,1,562,561,515,516
CQUAD4,749,1,561,538,514,515
CQUAD4,750,1,538,491,490,514
CQUAD4,751,1,517,516,468,469
CQUAD4,752,1,516,515,467,468
CQUAD4,753,1,515,514,466,467
CQUAD4,754,1,514,490,465,466
CQUAD4,755,1,468,467,417,418
CQUAD4,756,1,467,466,416,417
CQUAD4,757,1,466,465,415,416
CQUAD4,758,1,419,418,366,367
CQUAD4,759,1,418,417,365,366
CQUAD4,760,1,417,416,364,365
CQUAD4,761,1,416,415,363,364
CQUAD4,762,1,367,366,312,313
CQUAD4,763,1,366,365,311,312
CQUAD4,764,1,365,364,310,311
CQUAD4,765,1,364,363,309,310
CQUAD4,766,1,313,312,256,257
CQUAD4,767,1,312,311,255,256
CQUAD4,768,1,311,310,254,255
CQUAD4,769,1,310,309,253,254
CQUAD4,770,1,256,255,197,198
CQUAD4,771,1,255,254,196,197
CQUAD4,772,1,254,253,195,196
CQUAD4,773,1,199,198,138,139
CQUAD4,774,1,198,197,137,138
CQUAD4,775,1,197,196,136,137
CQUAD4,776,1,196,195,135,136
CQUAD4,777,1,139,138,76,77
CQUAD4,778,1,138,137,75,76
CQUAD4,779,1,137,136,74,75
CQUAD4,780,1,136,135,73,74
CQUAD4,781,1,77,76,12,13
CQUAD4,782,1,76,75,11,12
CQUAD4,783,1,75,74,10,11
CQUAD4,784,1,74,73,9,10
CQUAD4,785,1,464,413,412,463
CQUAD4,786,1,413,360,359,412
CQUAD4,787,1,360,305,304,359
CQUAD4,788,1,512,463,462,511
CQUAD4,789,1,463,412,411,462
CQUAD4,790,1,412,359,358,411
CQUAD4,791,1,359,304,303,358
CQUAD4,792,1,511,462,461,510
CQUAD4,793,1,462,411,410,461
CQUAD4,794,1,411,358,357,410
CQUAD4,795,1,358,303,302,357
CQUAD4,796,1,510,461,460,509
CQUAD4,797,1,461,410,409,460
CQUAD4,798,1,410,357,356,409
CQUAD4,799,1,357,302,301,356
CQUAD4,800,1,460,409,408,459
CQUAD4,801,1,409,356,355,408
CQUAD4,802,1,356,301,300,355
CQUAD4,803,1,508,459,458,507
CQUAD4,804,1,459,408,407,458
CQUAD4,805,1,408,355,354,407
CQUAD4,806,1,355,300,299,354
CQUAD4,807,1,507,458,457,506
CQUAD4,808,1,458,407,406,457
CQUAD4,809,1,407,354,353,406
CQUAD4,810,1,354,299,298,353
CQUAD4,811,1,506,457,456,505
CQUAD4,812,1,457,406,405,456
CQUAD4,813,1,406,353,352,405
CQUAD4,814,1,353,298,297,352
CQUAD4,815,1,456,405,404,455
CQUAD4,816,1,405,352,351,404
CQUAD4,817,1,352,297,296,351
CQUAD4,818,1,504,455,454,503
CQUAD4,819,1,455,404,403,454
CQUAD4,820,1,404,351,350,403
CQUAD4,821,1,351,296,295,350
CQUAD4,822,1,503,454,453,502
CQUAD4,823,1,454,403,402,453
CQUAD4,824,1,403,350,349,402
CQUAD4,825,1,350,295,294,349
CQUAD4,826,1,502,453,452,501
CQUAD4,827,1,453,402,401,452
CQUAD4,828,1,402,349,348,401
CQUAD4,829,1,349,294,293,348
CQUAD4,830,1,452,401,400,451
CQUAD4,831,1,401,348,347,400
CQUAD4,832,1,348,293,292,347
CQUAD4,833,1,500,451,450,499
CQUAD4,834,1,451,400,399,450
CQUAD4,835,1,400,347,346,399
CQUAD4,836,1,347,292,291,346
CQUAD4,837,1,499,450,449,498
CQUAD4,838,1,450,399,398,449
CQUAD4,839,1,399,346,345,398
CQUAD4,840,1,346,291,290,345
CQUAD4,841,1,498,449,448,497
CQUAD4,842,1,449,398,397,448
CQUAD4,843,1,398,345,344,397
CQUAD4,844,1,345,290,289,344
CQUAD4,845,1,448,397,396,447
CQUAD4,846,1,397,344,343,396
CQUAD4,847,1,344,289,288,343
CQUAD4,848,1,496,447,446,495
CQUAD4,849,1,447,396,395,446
CQUAD4,850,1,396,343,342,395
CQUAD4,851,1,343,288,287,342
CQUAD4,852,1,495,446,445,494
CQUAD4,853,1,446,395,394,445
CQUAD4,854,1,395,342,341,394
CQUAD4,855,1,342,287,286,341
CQUAD4,856,1,494,445,444,493
CQUAD4,857,1,445,394,393,444
CQUAD4,858,1,394,341,340,393
CQUAD4,859,1,341,286,285,340
CQUAD4,860,1,444,393,392,443
CQUAD4,861,1,393,340,339,392
CQUAD4,862,1,340,285,284,339
CQUAD4,863,1,492,443,442,491
CQUAD4,864,1,443,392,391,442
CQUAD4,865,1,392,339,338,391
CQUAD4,866,1,339,284,283,338
CQUAD4,867,1,491,442,441,490
CQUAD4,868,1,442,391,390,441
CQUAD4,869,1,391,338,337,390
CQUAD4,870,1,338,283,282,337
CQUAD4,871,1,490,441,440,465
CQUAD4,872,1,441,390,389,440
CQUAD4,873,1,390,337,336,389
CQUAD4,874,1,337,282,281,336
CQUAD4,875,1,440,389,388,414
CQUAD4,876,1,389,336,335,388
CQUAD4,877,1,336,281,280,335
CQUAD4,878,1,415,414,362,363
CQUAD4,879,1,414,388,361,362
CQUAD4,880,1,388,335,334,361
CQUAD4,881,1,335,280,279,334
CQUAD4,882,1,363,362,308,309
CQUAD4,883,1,362,361,307,308
CQUAD4,884,1,361,334,306,307
CQUAD4,885,1,334,279,278,306
CQUAD4,886,1,309,308,252,253
CQUAD4,887,1,308,307,251,252
CQUAD4,888,1,307,306,250,251
CQUAD4,889,1,306,278,249,250
CQUAD4,890,1,252,251,193,194
CQUAD4,891,1,251,250,192,193
CQUAD4,892,1,250,249,191,192
CQUAD4,893,1,195,194,134,135
CQUAD4,894,1,194,193,133,134
CQUAD4,895,1,193,192,132,133
CQUAD4,896,1,192,191,131,132
CQUAD4,897,1,135,134,72,73
CQUAD4,898,1,134,133,71,72
CQUAD4,899,1,133,132,70,71
CQUAD4,900,1,132,131,69,70
CQUAD4,901,1,73,72,8,9
CQUAD4,902,1,72,71,7,8
CQUAD4,903,1,71,70,6,7
CQUAD4,904,1,70,69,5,6
CQUAD4,905,1,248,189,188,247
CQUAD4,906,1,189,128,127,188
CQUAD4,907,1,128,65,64,127
CQUAD4,908,1,304,247,246,303
CQUAD4,909,1,247,188,187,246
CQUAD4,910,1,188,127,126,187
CQUAD4,911,1,127,64,63,126
CQUAD4,912,1,303,246,245,302
CQUAD4,913,1,246,187,186,245
CQUAD4,914,1,187,126,125,186
CQUAD4,915,1,126,63,62,125
CQUAD4,916,1,302,245,244,301
CQUAD4,917,1,245,186,185,244
CQUAD4,918,1,186,125,124,185
CQUAD4,919,1,125,62,61,124
CQUAD4,920,1,244,185,184,243
CQUAD4,921,1,185,124,123,184
CQUAD4,922,1,124,61,60,123
CQUAD4,923,1,300,243,242,299
CQUAD4,924,1,243,184,183,242
CQUAD4,925,1,184,123,122,183
CQUAD4,926,1,123,60,59,122
CQUAD4,927,1,299,242,241,298
CQUAD4,928,1,242,183,182,241
CQUAD4,929,1,183,122,121,182
CQUAD4,930,1,122,59,58,121
CQUAD4,931,1,298,241,240,297
CQUAD4,932,1,241,182,181,240
CQUAD4,933,1,182,121,120,181
CQUAD4,934,1,121,58,57,120
CQUAD4,935,1,240,181,180,239
CQUAD4,936,1,181,120,119,180
CQUAD4,937,1,120,57,56,119
CQUAD4,938,1,296,239,238,295
CQUAD4,939,1,239,180,179,238
CQUAD4,940,1,180,119,118,179
CQUAD4,941,1,119,56,55,118
CQUAD4,942,1,295,238,237,294
CQUAD4,943,1,238,179,178,237
CQUAD4,944,1,179,118,117,178
CQUAD4,945,1,118,55,54,117
CQUAD4,946,1,294,237,236,293
CQUAD4,947,1,237,178,177,236
CQUAD4,948,1,178,117,116,177
CQUAD4,949,1,117,54,53,116
CQUAD4,950,1,236,177,176,235
CQUAD4,951,1,177,116,115,176
CQUAD4,952,1,116,53,52,115
CQUAD4,953,1,292,235,234,291
CQUAD4,954,1,235,176,175,234
CQUAD4,955,1,176,115,114,175
CQUAD4,956,1,115,52,51,114
CQUAD4,957,1,291,234,233,290
CQUAD4,958,1,234,175,174,233
CQUAD4,959,1,175,114,113,174
CQUAD4,960,1,114,51,50,113
CQUAD4,961,1,290,233,232,289
CQUAD4,962,1,233,174,173,232
CQUAD4,963,1,174,113,112,173
CQUAD4,964,1,113,50,49,112
CQUAD4,965,1,232,173,172,231
CQUAD4,966,1,173,112,111,172
CQUAD4,967,1,112,49,48,111
CQUAD4,968,1,288,231,230,287
CQUAD4,969,1,231,172,171,230
CQUAD4,970,1,172,111,110,171
CQUAD4,971,1,111,48,47,110
CQUAD4,972,1,287,230,229,286
CQUAD4,973,1,230,171,170,229
CQUAD4,974,1,171,110,109,170
CQUAD4,975,1,110,47,46,109
CQUAD4,976,1,286,229,228,285
CQUAD4,977,1,229,170,169,228
CQUAD4,978,1,170,109,108,169
CQUAD4,979,1,109,46,45,108
CQUAD4,980,1,228,169,168,227
CQUAD4,981,1,169,108,107,168
CQUAD4,982,1,108,45,44,107
CQUAD4,983,1,284,227,226,283
CQUAD4,984,1,227,168,167,226
CQUAD4,985,1,168,107,106,167
CQUAD4,986,1,107,44,43,106
CQUAD4,987,1,283,226,225,282
CQUAD4,988,1,226,167,166,225
CQUAD4,989,1,167,106,105,166
CQUAD4,990,1,106,43,42,105
CQUAD4,991,1,282,225,224,281
CQUAD4,992,1,225,166,165,224
CQUAD4,993,1,166,105,104,165
CQUAD4,994,1,105,42,41,104
CQUAD4,995,1,224,165,164,223
CQUAD4,996,1,165,104,103,164
CQUAD4,997,1,104,41,40,103
CQUAD4,998,1,280,223,222,279
CQUAD4,999,1,223,164,163,222
CQUAD4,1000,1,164,103,102,163
CQUAD4,1001,1,103,40,39,102
CQUAD4,1002,1,279,222,221,278
CQUAD4,1003,1,222,163,162,221
CQUAD4,1004,1,163,102,101,162
CQUAD4,1005,1,102,39,38,101
CQUAD4,1006,1,278,221,220,249
CQUAD4,1007,1,221,162,161,220
CQUAD4,1008,1,162,101,100,161
CQUAD4,1009,1,101,38,37,100
CQUAD4,1010,1,220,161,160,190
CQUAD4,1011,1,161,100,99,160
CQUAD4,1012,1,100,37,36,99
CQUAD4,1013,1,191,190,130,131
CQUAD4,1014,1,190,160,129,130
CQUAD4,1015,1,160,99,98,129
CQUAD4,1016,1,99,36,35,98
CQUAD4,1017,1,131,130,68,69
CQUAD4,1018,1,130,129,67,68
CQUAD4,1019,1,129,98,66,67
CQUAD4,1020,1,98,35,34,66
CQUAD4,1021,1,69,68,4,5
CQUAD4,1022,1,68,67,3,4
CQUAD4,1023,1,67,66,2,3
CQUAD4,1024,1,66,34,1,2
$
SPC,1,833,3,0.0
SPC,1,1,156,0.0
SPC,1,37,156,0.0
SPC,1,41,156,0.0
SPC,1,45,156,0.0
SPC,1,49,156,0.0
SPC,1,53,156,0.0
SPC,1,57,156,0.0
SPC,1,61,156,0.0
SPC,1,65,156,0.0
SPC,1,33,246,0.0
SPC,1,277,246,0.0
SPC,1,489,246,0.0
SPC,1,669,246,0.0
SPC,1,817,246,0.0
SPC,1,933,246,0.0
SPC,1,1017,246,0.0
SPC,1,1069,246,0.0
SPC,1,1089,246,0.0
$
FORCE,10,1089,,1.000000E+00,1.000000E+00,0.000000E+00,0.000000E+00
FORCE,10,65,,1.000000E+00,0.000000E+00,-1.000000E+00,0.000000E+00
ENDDATA
